725
328
1019
617
1494
-1433
-1540
81
-1181
987
-16
-1956
1303
1396
-470
-1954
-655
1281
979
757
1118
1313
-1375
1705
883
-1547
-1947
210
-654
1668
155
-684
-1725
524
979
15
1090
-56
1741
246
974
126
1898
-79
-1544
145
308
-51
-669
387
-118
-1434
60
-1547
1873
-472
-470
758
-473
697
1318
1462
233
94
-1710
-1951
1974
-1842
-136
1314
283
-1483
1657
624
-1398
342
846
-208
2036
-1118
-81
499
-1904
1598
1875
1577
633
789
-1094
-480
-1131
-1904
586
-820
269
-724
-774
1641
-1040
-1066
-1764
694
-932
-1596
-870
1987
402
773
1345
112
162
-364
-1465
-701
1951
1726
-1088
-1338
1919
-212
-1978
1080
-1444
-770
-924
1428
-2019
609
-1020
-1078
1936
-1464
408
-477
1476
-715
-1255
2012
-1663
1091
-1891
1210
1294
-1255
-850
-107
1039
-569
-1505
-539
-178
-1097
1887
-224
-870
1087
-1188
746
-890
-477
911
1285
1029
1704
-93
-1559
-1071
372
-1511
750
-1163
-545
585
-716
556
732
1918
-1599
-1223
-413
275
-1460
1988
287
-1124
-1726
1113
-1126
-250
34
-1123
-631
-618
-1244
1149
1133
1967
1257
1454
585
-912
385
1089
364
-1310
-1212
-117
1610
1004
203
-2044
-950
-1844
-290
-1204
1640
-521
-739
-1256
-1832
1689
149
269
-982
-1951
780
-644
1902
894
-1550
-1323
-1581
1835
1004
-1045
-1839
1563
18
1747
1026
-1218
-656
-1432
-1190
-1419
-477
-1986
176
1383
1219
-1736
-1586
-1991
-224
-411
913
-497
-727
-948
882
-1644
-223
-1426
6
-1773
476
-742
1459
-1442
-1009
-1193
-1949
-437
-1128
-277
-226
1987
-573
-1924
681
-415
-1699
-625
988
-1951
-612
651
-1330
-998
1221
-374
-1112
1201
1410
744
-1476
534
-1588
-851
269
-2006
-411
374
-772
-759
-1567
1567
-1462
632
1540
-1822
-985
576
662
1247
881
378
1127
329
1497
-1330
-81
-1630
547
-1170
-1914
-1679
-1380
-1299
135
299
-1380
426
1153
1595
-2017
-514
-1768
-981
-454
977
344
197
-1650
-284
1596
348
-1154
-1189
484
-1340
1333
1228
-617
584
1897
1942
-656
363
-83
-909
176
-1457
-1945
565
-1638
1739
-940
1478
-1091
52
-1418
1046
-1079
-1659
866
-488
1958
544
1276
688
-1546
762
1366
-367
1958
1030
-1558
-563
753
1026
975
1860
-1479
-1925
1597
1471
1563
2021
2012
-357
1409
-1027
-980
532
643
1517
-571
-735
1854
-1349
-391
152
1401
-1709
-467
-538
-2
-1873
1392
1256
156
1943
-832
-1226
480
1087
1345
103
-192
-660
1080
-66
-1330
-1202
-582
-1377
859
-1574
2022
1079
512
-1375
-1151
530
474
5
669
368
291
-33
709
-617
1631
1868
-1266
-315
191
1504
-1192
1519
1656
470
1434
1296
47
891
1567
10
-956
403
-1121
-495
248
1209
1069
-123
125
946
14
-2003
-616
1671
1805
-1602
-1006
-1404
-1623
1711
955
-819
682
320
-1790
-570
-1419
1671
-1547
-1294
-1902
440
-1330
-1682
-814
-177
-1846
1757
1191
1081
1609
721
-547
-1818
-181
-408
861
1037
228
-938
-682
-662
-1266
1819
-1734
-1046
-176
-146
-1298
-82
-1135
157
992
908
-1103
1327
-1787
-497
-1759
335
-867
1506
-1234
1338
-803
-1598
1820
1412
1072
1920
-1295
797
1078
-1386
-1602
-1763
65
1435
-861
550
-1941
1824
1838
900
529
1391
-1466
1958
1748
-1695
-957
-450
-319
-998
-1647
931
1757
1978
-923
-581
237
1746
1708
2038
1350
-1390
1319
1216
-1067
-1098
-396
1508
-761
1560
-719
-1484
1998
-1324
3
-1509
1402
203
1666
-1721
87
2005
-541
-225
-467
-474
-925
1066
-1179
1028
1654
-456
-37
1516
1147
305
580
178
-1019
1721
-1254
-31
-1122
-1464
1006
552
1031
973
-951
-1074
1482
1779
-1874
-1279
1554
-1891
-757
-476
-1582
-1842
-178
2014
519
-1293
-1249
-1803
56
575
-1097
953
1491
1109
-844
-1703
-583
-23
-274
-913
-1391
389
-1496
344
273
-954
149
-36
276
-1940
1332
1586
-936
1503
461
-1678
1534
-902
1433
-1247
429
-18
399
-2022
1317
-1658
798
118
-1164
1361
-1418
1185
1144
-765
1306
-171
2015
1563
495
153
-422
1461
-154
-1624
16
1905
242
1419
859
475
1199
1701
638
-536
-505
-835
-1154
945
1631
968
-1807
-1463
214
1866
-316
1152
-1595
544
466
210
1827
-307
-681
-502
-1334
-2011
1287
738
817
1609
-256
615
1051
-17
-991
778
-1127
957
543
-1432
1203
-1548
1539
-1121
1166
-1543
530
574
-1318
-1007
-488
-88
-1368
-1297
-765
-820
-882
1320
-322
-422
1773
-1397
300
1320
1392
-742
1879
224
1162
-1573
-1642
1736
530
-1748
-584
-1353
-60
694
553
1014
171
-786
747
1101
1648
-1057
-1193
705
-171
-119
925
-1967
496
-654
1288
-1943
-96
-646
-1087
-1245
624
-526
-1752
-1248
1963
-321
1471
1276
962
-94
-657
607
-1878
-1673
-733
1635
906
1631
1226
-623
701
-1811
-883
-245
237
-534
-2020
-1749
-401
281
-192
-205
-603
-1907
-415
-1463
876
1681
-501
-1164
-1912
-426
-918
-1872
1236
735
-99
-1289
-1660
1184
989
-201
-1311
-686
1114
-2016
1794
1569
-1589
-1355
513
58
1427
-1114
-822
856
-881
-186
1911
672
49
-1503
-973
884
321
-1000
-1199
-425
720
-1026
-525
-591
139
1427
-50
-1394
1870
2027
-710
787
-1309
-502
-428
720
-53
1979
1100
170
-961
1203
-1617
630
-252
-98
656
552
1859
842
1488
-902
1090
-30
1019
-762
-43
485
-749
1992
672
-1754
512
-1030
-754
-1686
-1347
-2038
-1086
-1306
1513
761
-1341
-943
803
-1348
1534
1167
1178
927
605
-520
300
223
1547
248
-1074
-1541
824
68
305
-761
1014
1089
-1864
-1581
600
-48
359
-572
937
1084
32
1126
-1621
1649
-81
-856
-1831
812
-16
-368
-356
-949
-817
-1641
-425
1284
540
-174
-1987
-214
-723
-1383
-1811
1807
-1760
-280
-840
-1924
-285
-2024
-633
525
-580
-458
-436
-1646
-679
-627
749
-330
1623
-335
-81
1643
-1474
1691
1755
1208
-84
691
2017
1768
1015
171
-372
-982
-281
-441
-649
1632
397
-1838
-1363
-1712
1359
80
314
-1598
-1049
-432
1751
-1286
-695
-956
104
1030
-873
364
-915
818
-1853
-978
1586
311
-1525
1727
210
623
-1750
831
1225
-68
-1753
1778
1854
-730
-1855
-1847
-559
52
-935
749
-547
978
-672
908
573
959
-2025
1137
-411
1405
-843
-590
437
166
1227
813
-1484
1177
-1560
-1808
327
1404
1602
1590
-1605
1637
1199
-1198
419
699
102
-1542
1904
1199
481
-933
-828
697
397
656
-458
-1513
1376
-1381
755
-2011
-1497
673
778
169
1419
431
-155
-1317
-1578
-374
611
-1262
20
-1846
-1005
-1210
-1530
1046
-1851
7
-1981
378
-719
1046
-531
-349
-286
97
1709
-220
-1029
636
-9
-99
303
-146
623
-343
-1797
-831
1187
910
-1317
1492
-1109
1710
-585
-165
-1312
-1144
-977
1759
-102
-1976
1500
-1930
439
755
1149
55
-497
2034
2004
-1571
-1129
-1544
1892
-1020
-1967
1855
1215
-1696
1748
-991
1414
-624
372
1708
2029
1957
986
-1125
189
78
-2000
-2022
-569
1392
145
-1844
943
346
507
-1643
-1514
-183
344
-416
1248
-1194
-41
167
1491
1952
-153
-1586
-722
-822
1094
-497
-932
1903
1176
-1989
-1613
244
749
468
6
-729
-845
-32
302
763
378
2035
-437
553
1033
-551
1227
922
534
1364
-1228
-334
-1104
88
1113
-1731
-199
-697
-928
1051
-1292
1379
-515
639
238
1890
-1185
1451
1646
1507
324
826
920
-532
1925
1985
1137
1338
-575
988
-2034
-893
-196
-650
1757
-703
1265
-1202
1323
1899
-1891
-851
634
-338
1982
-1232
756
816
426
153
-1097
-514
1867
1699
1775
1201
-32
691
208
1207
328
-1168
-1504
431
1837
530
-1663
-204
-88
1422
80
-1599
119
320
1023
-319
974
1356
-1813
-77
1901
641
1933
-1977
1331
-78
288
-1171
2026
-1409
1118
1873
-1179
369
-97
-986
686
363
-1798
-615
-1150
-955
410
802
410
-1382
1286
1754
306
1713
355
-287
846
-1417
409
-1711
-1286
1611
-425
-353
1600
765
1745
-1433
511
-938
-443
1644
-1214
-351
1798
10
1366
-803
75
-1117
1899
400
1874
1619
160
-1976
-1757
442
-625
-1658
-621
416
1578
-181
199
-73
1785
1004
-1064
1312
1148
-1703
-1610
1498
970
655
322
1499
-174
1393
-1681
-1045
-1383
1694
-1954
534
1028
-643
-1396
-58
-105
-1474
-1328
1333
366
1005
49
-888
-1227
100
659
12
-1231
1026
765
518
-2025
852
156
-619
108
-941
-171
1233
136
-1696
216
-988
-518
-1065
-716
-372
878
-2007
955
770
1013
-1685
-1696
1733
-1908
-421
1323
-893
1754
-589
-2025
-946
-951
-1077
-1822
-910
1011
1907
-1760
1746
-1297
2
1075
-1263
331
612
1364
-1762
832
1869
-669
-913
263
-1953
-606
-1131
-1890
-477
-1990
-972
54
1288
861
1872
-911
773
-1994
1507
-1783
1021
562
-1647
1845
-289
24
394
123
324
856
1934
-1828
-1096
1764
-809
1914
1107
597
-1292
-1908
494
-1457
-1878
1895
-641
-1245
-386
-1030
989
1686
790
534
-572
-1597
844
-491
-30
-1049
1491
-711
288
843
1664
-726
228
-1791
269
312
842
96
-179
-1927
1358
891
-1344
906
1745
277
-641
1330
1123
1376
-1430
1123
1733
583
120
762
-1508
-1991
-1722
2020
-1355
-918
-366
1979
346
1414
-288
700
1319
947
1262
-1272
1198
1224
551
554
1174
470
1992
-1841
-660
-315
1771
1922
-330
263
-1244
926
-1735
-413
-53
-232
-445
145
-1046
-441
-487
1770
-886
-1388
-1212
-1335
400
1247
1243
1974
-787
1729
1447
1132
26
-674
511
1357
-19
1240
-1424
-621
643
1911
1279
-10
1895
-235
-1244
-1066
1458
1049
1560
-74
-1981
217
-33
1566
-1076
-982
-1411
-572
-276
-1467
-1101
-1587
-17
-300
1773
866
104
1821
-1155
317
633
-193
-1827
1592
-72
338
1845
999
1444
-1620
-550
-1527
-78
1728
-593
1992
670
-2034
407
-31
-1702
-1394
685
-945
-242
-504
-1470
-1339
-361
-1571
1941
1707
-1272
1130
-1198
431
358
-1025
1644
1963
-137
-1005
1745
1822
1912
1547
1871
730
1265
52
1296
-511
573
-1549
-1949
-199
-1277
48
-1344
1033
864
-1811
37
-1716
2003
-1859
1409
-1643
1466
367
581
-341
-1946
1157
1784
-300
687
141
-302
-1289
-1774
-944
1579
-374
-1029
-329
994
-453
-353
-407
-145
-471
488
-5
-1604
1229
1969
1452
-1358
-1186
-496
-74
330
-1895
-330
2017
66
-237
-1437
-84
-721
962
1067
905
1030
-543
-828
655
-747
-787
-1671
1321
-238
-531
-250
-1528
921
1204
1042
-1023
-70
-1477
-1196
14
-362
-814
305
1569
-2013
-1177
1293
987
-1585
119
474
-1001
799
-544
1571
549
1060
1615
1899
977
1959
-643
-1852
224
-205
968
-1901
820
666
-365
1418
1642
333
-1569
1704
-1563
-251
-907
-464
1065
519
848
-1124
-1369
1233
1372
-897
-876
-1772
-939
-2016
-991
1523
-1062
-540
-853
1951
-1123
-1424
-1776
493
1418
852
237
1062
1262
1393
2022
2008
-136
-591
-593
159
-744
79
492
-297
-85
-377
737
810
1867
1653
434
-784
-931
1374
854
-1742
1035
14
273
1130
128
353
1896
-794
-1694
-1305
-371
-116
1480
-139
790
1350
-868
-1087
544
706
-1008
-820
1933
-1914
1400
32
-1650
-683
1592
1507
-2002
-1829
700
-1921
1029
102
1160
-1543
-1306
983
-1992
742
1366
1154
1112
-1323
-991
-992
-455
-483
-1926
1419
-687
299
-503
1416
-1402
-748
-1644
-740
1023
-682
-1214
-1082
-1374
748
-141
852
-1547
-907
1302
-1186
1949
-165
-915
-471
817
-1505
1307
1330
-1196
886
-337
1796
-1749
1633
-1487
1131
-254
1797
-2036
-262
789
-1971
-1793
-315
-1167
1586
1313
-1720
-1076
1225
2025
1887
624
-81
-1006
1118
-775
534
-404
-1023
-1573
-1205
-1410
-1697
2001
-132
-41
1199
-19
249
-1253
-1564
829
-1641
-1633
-548
302
-1970
-1374
1129
1874
769
-775
1242
1967
-1962
1071
1800
-406
-1671
-1022
-272
-1081
-10
-735
-1884
891
-164
576
677
-466
-334
-1971
135
1552
442
172
-1094
937
1500
-1860
1164
-1141
696
1293
341
-1527
-1467
-1070
1413
1501
111
1250
1748
-359
-449
727
574
1997
57
932
-276
-492
-965
1032
-1831
-378
1649
-886
-1731
1527
-1619
-1278
-359
-1881
675
1962
611
-178
-1412
160
1588
711
-2010
679
-391
-1314
-815
610
-897
368
-1242
1192
1516
1753
1377
287
894
105
-1489
1506
-786
1530
1062
-188
1044
-105
-1011
639
-726
0
-1667
1643
-526
1329
-1485
248
-1525
937
954
-892
-507
-641
-124
998
1891
548
-703
62
870
-27
914
-196
-1398
-1059
737
1300
-1365
392
-1454
-1810
-554
1734
-1326
1698
1938
-702
40
-751
-341
1565
1013
-1154
1367
-1776
-1392
-662
-551
-1151
1457
-139
1337
249
1277
1125
-1419
-1647
-2025
-692
919
-160
615
901
-216
-8
-886
-41
-1165
-1354
-1264
1336
-1559
-1820
-290
661
91
181
-297
-1489
1564
-26
1750
-1611
1755
1795
1023
-1527
323
-1450
546
-1668
833
-1733
-1443
-110
491
-1778
-327
1336
1761
-922
-1310
-1964
-1731
-1108
-588
-618
973
-4
-1087
-95
1751
-714
1688
1615
-270
1080
224
-744
1848
561
781
-1154
-1880
-529
204
-377
1146
44
-1286
-481
950
-59
1551
1356
401
1714
-1759
66
718
230
1287
-219
2038
442
35
-1919
1115
-1751
-483
605
-57
-647
-2046
1258
1250
-1390
1137
1421
-1474
934
-1043
1405
-63
94
262
-1367
1726
-1469
174
1513
1623
-1162
-1471
1416
-1475
-1108
-1173
-296
1465
1081
2020
1524
263
67
203
1695
689
-1556
-1128
-764
806
373
1205
-1679
1099
1881
1439
1527
777
-473
597
215
1219
1309
-435
-1387
-336
-1883
1188
722
232
305
-1113
-1333
-1206
1528
1893
59
-532
1026
-1121
-13
828
1722
-1914
-1362
-601
-1288
-1359
865
-349
314
492
-1574
-1717
85
-274
120
-466
1324
979
-1972
-1405
-1876
-133
-1510
132
199
1898
-102
-1274
-616
126
-1126
-1520
-184
518
-1006
663
-498
-1151
-738
1834
-1820
178
-65
-1152
-1017
-972
862
220
-966
1081
-771
1374
-99
-1607
754
-1055
-1751
1436
93
-364
1950
1093
-279
-1476
1293
-1290
536
-1047
-110
-177
-1295
1840
139
1227
1753
1747
789
7
-1821
1457
1700
-1053
-2042
-1513
1750
-1943
-1607
-1741
-677
1889
-1175
1222
-303
1686
-1533
237
-78
907
612
-1058
-1520
208
438
-591
-1746
194
-1919
539
-1051
1446
-119
-1548
-1354
794
-1690
-389
-1403
-1846
1947
-901
235
-1461
1629
-1807
-1259
1068
-583
-670
1018
-1521
819
1462
812
1456
731
1425
-1847
-1271
642
1794
1992
294
-430
173
-1127
-1028
-1664
-737
421
-303
-1498
-1683
-972
-1147
805
-772
-238
-428
-1262
-1953
863
579
-1301
1337
-1235
1549
-1057
-722
-1562
1392
1722
-1639
664
1774
1065
-1468
-1815
-1570
-1899
-815
-612
-852
678
-1307
-1073
-148
-152
243
1958
623
707
-1095
-1153
-771
-117
1568
-921
1022
1483
-569
-1253
1208
-1405
-63
542
831
1906
-1058
-472
-1821
-436
-2016
-1637
-1479
1482
-1425
38
-1792
1035
-1406
-1166
380
1208
-1579
1435
-118
1595
-1109
-1327
783
1223
784
-378
-2045
1584
-1848
1440
430
1404
1783
578
1391
-1748
1234
-1484
-881
-1266
1986
-783
352
1214
-916
-1471
1928
-116
1313
1579
-1209
709
-2033
884
-63
1923
685
-1713
81
1188
1230
1376
1188
524
219
1806
948
-484
-1161
-815
-646
-968
76
-1880
-164
-146
-491
-862
827
6
1951
-950
1297
1808
1027
-1024
1800
1733
938
805
-2025
699
-931
535
-794
1749
-1507
-1839
1825
2021
-305
1846
763
1255
1693
-1006
-287
-1081
767
858
-687
169
-1441
311
-814
682
1601
556
-553
1250
1538
1479
-1373
-299
1998
1143
259
768
1564
-597
-1551
1721
864
1797
1741
525
-1541
446
-1915
-1349
587
1774
22
-1755
-781
2021
1262
573
-1283
-1188
-1908
-699
-1502
-901
-1106
-1966
1765
-847
1261
-1370
656
1332
1179
-93
1773
307
-547
361
-557
1418
-1791
1529
-456
1814
-265
-553
-760
-913
-1570
-230
-1183
1021
637
994
-1954
906
-299
-235
-1985
487
356
1611
-266
2027
1385
-1007
2038
400
-53
271
323
1047
-1864
-132
-1123
-1464
-531
-171
-558
912
-1647
-336
1309
-220
1406
1226
-1925
2001
-225
770
207
445
-1151
628
1047
1718
2018
-1707
-710
-1461
-398
-284
1690
-1451
814
243
-1676
-723
-1780
-1563
-107
-1477
-1274
527
482
1523
337
921
-1746
1586
1649
900
882
-50
-978
-245
-1132
-1432
-937
-2013
-722
867
-671
-2019
-1324
1269
-363
-1188
-1964
558
-1030
1274
1825
1279
1468
1391
-295
1839
814
-1280
1940
-1254
1311
-254
-1952
1323
1965
-273
1868
821
-167
-1010
1421
-1474
-1700
-1855
-749
0
826
1640
494
238
-1673
706
1368
-94
-1726
-89
1060
1717
-697
-964
1729
506
-1697
610
1187
-25
1309
1904
-1792
-1976
323
-1266
722
269
-37
-1236
1581
1594
791
26
155
1478
724
-107
-345
-886
1180
425
-912
-774
-450
-350
1838
1237
1732
-1897
436
644
1512
-40
-1622
1832
-583
-772
1964
-406
1680
1926
41
188
331
-979
1733
333
-128
380
644
1094
-537
1553
-933
1672
-1872
-234
-440
-1096
-552
-1528
1247
904
-682
211
286
852
796
-1263
1169
-837
739
850
-585
1633
-1639
922
1661
1999
1140
1975
763
1305
-1612
156
-1528
909
-1364
-113
-542
-977
889
-985
1744
-785
2041
1037
-640
1450
-1507
-151
-207
-1592
364
220
433
-1194
2020
1064
-1808
215
-1077
-1478
-988
615
674
-602
1170
1866
1335
1682
-1083
-1829
-1926
228
-1259
-1110
842
925
-1352
-1032
-727
1153
-1546
1581
-640
-314
1703
132
-59
-40
1502
1699
-982
-1761
-1123
1088
219
425
-1122
1948
978
-320
-1758
223
262
1589
1933
-215
1290
-1648
-1535
-1937
-7
1210
-1139
1257
-1886
1919
1620
813
1001
-917
-1223
1457
82
-964
-2021
1758
388
-1844
1724
-900
1003
1595
-1510
-143
-964
1421
-1015
-1833
725
-163
-1692
301
1800
-1577
1630
-1329
525
208
287
-936
-593
742
1148
-967
-355
661
-1829
-1498
-431
1608
-754
-141
-914
-440
-707
-1209
-1132
866
-1628
-1133
-1634
-652
-1224
-64
-224
-906
19
-506
-453
-1201
1436
76
1171
-235
591
-1627
115
482
-724
289
1266
1035
-861
-1233
1328
-1358
773
1571
-1421
-338
-1438
-1221
1317
-1356
-608
149
1215
924
-1776
1430
-434
477
-2030
-470
1471
-259
497
-480
-1574
1547
1000
394
-342
532
526
-1294
-371
345
1377
-934
1439
103
-1886
-988
1934
-1041
524
651
-1091
1075
1011
-1818
1956
-1730
-1555
-177
-1153
617
1215
-1523
227
171
760
833
1969
1549
-26
-1511
-1846
-1612
-217
1082
715
-1266
1693
668
201
869
1215
1639
1701
130
-733
-217
-1193
-140
332
1767
1214
-1430
1973
-632
1345
-1907
-299
-46
1749
-1344
1587
922
-1117
-959
921
-595
-2036
-1508
1524
624
1564
79
1093
-421
-422
1969
566
-271
-598
-1183
128
364
-868
-1847
-1296
2022
1972
-1748
508
493
1248
-109
-1526
393
-560
537
1518
406
852
400
-226
-413
-1622
-429
-1798
-644
-1675
1358
-1648
-591
-610
-973
-637
1052
461
-105
-1760
1850
407
568
1157
1268
1061
-2026
-786
-880
-902
1125
200
367
523
-656
-1810
1964
479
1284
-894
1868
986
197
-1596
-209
-920
-1814
-1670
-895
-452
166
-228
1996
-936
1812
910
1135
2044
-1162
1128
-1168
703
-1057
-587
1716
-1931
312
22
-630
266
1905
342
-193
1594
-794
298
1289
1265
-40
-1988
-20
-403
-754
855
928
-1800
-427
-1851
-1136
-955
1026
386
646
313
78
-848
622
-1733
1905
-339
-857
-823
917
-1474
-2010
-636
1886
-678
-449
861
1569
1994
-1285
-1778
1180
-666
499
1936
313
480
1197
-802
-336
-1984
846
1391
-2028
-1116
-848
-786
289
924
-338
1421
476
452
959
618
-1976
675
1695
-893
1852
2010
275
1650
1390
-655
1722
-296
-1219
-2001
-1836
-715
-1391
1820
-1062
358
1945
-534
1040
-1657
1358
-1480
-1595
-473
1190
462
570
237
398
920
1628
1385
1138
330
-1046
-2023
-1187
963
553
908
-1660
-2045
-213
-73
-1959
-353
1613
785
229
966
-709
-1567
131
418
6
817
1986
-1271
424
-49
-370
-1912
382
-1320
1114
-601
-1291
25
-130
-1970
40
13
-1430
-1981
-880
-678
-1569
-1856
-1929
-1055
773
496
601
1341
1098
1129
-243
677
-9
-915
-632
-2026
891
1785
1892
-1854
607
-343
759
-1856
1968
526
2010
-1077
-775
477
770
-744
412
120
811
-1996
-1630
-1784
679
1734
1714
-13
-153
846
-1418
-1339
-450
-882
-780
-1730
588
467
-447
1464
-636
-1036
1554
-335
-1245
713
111
1879
305
-1165
556
-1720
490
1761
-916
-742
487
1290
458
-1022
1055
-945
-924
-2010
-1891
331
-145
1491
1736
1779
-1142
-1169
-1937
-1338
-1913
-1545
1553
-727
956
-963
497
492
-563
1691
-1466
188
-338
-730
2021
-1667
801
565
-1473
-869
602
-1162
-673
809
1737
1798
843
-324
282
1803
1366
1259
-2007
1340
-385
1686
1281
-857
-1085
-361
1494
878
-1179
4
-321
-1387
-7
2033
-1204
1425
-1985
640
-28
2020
-1878
-186
1478
600
-99
-778
-1878
1540
-1747
68
-1824
-249
880
1503
272
1214
76
-1152
-1455
-1614
-624
2035
1418
191
-1920
1582
-677
-1550
-616
804
-261
1142
393
-1404
1411
7
-931
-1494
-458
886
-1119
80
-1840
-1426
-847
1119
749
-1985
-1051
1597
-1706
-1583
420
-965
1550
-914
609
854
-409
-1136
572
510
-115
885
-1670
-1777
1284
660
648
-1265
-104
-80
1712
-583
-33
1705
-1477
1417
845
-1560
1284
1904
-340
570
159
-1922
-805
849
150
-141
1284
1667
1561
-1953
1783
-1536
-1062
1491
-1874
-453
759
-2026
-1034
1961
1576
-568
-201
1685
965
-408
-2020
779
-1064
-1475
822
1754
-1262
2003
-116
-1137
1943
755
-1836
-440
148
-796
-113
1912
-652
-1522
-1598
114
1496
1250
839
-881
1816
-1548
193
-2008
-1975
-744
1004
-1266
-1620
964
-895
-1891
-1880
-941
-937
817
-784
1584
488
1322
9
-1267
-2030
-736
-1023
1203
1513
1908
-1481
2003
1498
-1228
1884
1872
1706
-1041
-661
77
1422
-295
120
-1347
-977
-799
1956
1660
-1667
1977
1706
-1818
-1947
995
-1706
-1370
819
1393
-612
521
-334
-1607
1392
377
971
924
1305
-475
-1309
-866
-237
-298
1918
-1940
-1432
-299
-116
1294
-913
-815
1234
-620
-1304
-1613
995
255
1861
1876
1821
-1081
79
789
-1789
-657
712
1048
-888
124
-448
334
-363
1665
-285
-241
-148
1609
-1726
72
-251
1545
251
829
835
1939
-186
-609
-1271
-1939
-1492
-2023
-792
953
-1647
1315
-855
7
721
-1231
-434
-333
5
1498
-1610
-245
943
-400
-586
784
1533
1879
-601
-79
1119
683
70
-380
-1928
1943
754
755
1864
1722
24
189
1461
-1718
978
-588
-1280
751
1455
1226
1647
-1413
-1417
-959
-1774
-1788
-785
-798
66
-1078
-1886
1119
-1461
120
-666
-1896
-1615
-13
-311
-573
-1949
1896
-467
-629
1930
-1061
-1387
-1824
1304
-63
-747
-1405
-1076
-256
1227
-950
-303
234
345
-784
-554
-922
1731
114
-1407
1525
445
238
1075
-1051
-209
474
-1235
27
1550
938
1979
-1032
-420
434
-315
1470
-977
64
-2002
-1047
493
-786
-1930
1502
-1936
-260
-1489
1660
-2041
450
97
2029
-1666
-229
1740
1292
460
-1115
220
37
1952
758
1124
770
-642
-616
-1792
65
1923
1691
245
-1579
-43
781
-832
-852
-1962
-1837
1512
-662
1272
-216
-1427
-481
1378
-358
-687
241
204
606
-607
1966
818
-1772
135
-983
1711
-334
1950
-1712
-15
1497
-1969
-1779
184
557
1319
1714
-156
464
1614
516
-428
-12
-1613
-1349
-1469
1620
28
-1925
598
-83
-2017
-202
-1786
-1806
912
-1066
-1908
-1177
215
293
541
1387
-853
-1795
-1383
1001
-667
-1681
934
-1439
1234
-1484
-912
890
352
492
125
39
921
-137
-2020
1800
-1801
