-1396
-519
1460
-768
878
1360
558
-1080
1618
-620
-242
-426
1390
593
30
800
-1426
-1817
-675
477
1095
1242
-590
471
-1315
-560
-334
1135
1435
-1219
1202
1605
-276
1669
-1359
1374
-1683
-29
1393
1743
-1835
-415
-1688
590
-1112
-95
-361
1571
-187
1943
-1497
485
958
-798
225
622
234
-1544
561
1407
-1510
2003
1770
1918
-1566
628
-1158
-1596
-1157
897
-1857
-1064
779
-1077
-1237
-466
606
-48
880
175
879
2026
-1976
-1134
-443
123
-851
-787
-1164
633
-1509
378
223
-1790
-1507
-1283
517
1054
1706
657
-1716
1390
1239
429
-1073
-285
-1768
2012
1304
-1998
181
-10
1072
-1183
2011
774
-155
1218
-112
919
88
-257
797
1915
1471
-163
-1928
724
1055
776
710
658
-1240
-1662
-1316
247
246
1216
-847
-1397
212
909
1439
1494
1714
1626
-1367
-880
-758
-1234
-1503
77
-430
-1806
-1934
415
1988
-323
798
-1128
1697
1882
428
620
1397
-601
1972
-89
-1295
-1528
1980
540
1927
-601
543
1127
-1136
-1106
1931
-2031
-1290
-765
645
-9
90
1797
1868
127
-839
-1617
1454
1976
-726
1386
1060
-984
-965
1381
1959
-900
46
1628
1993
1729
939
-332
-1448
-1685
582
-2036
-492
-880
-437
1764
2044
-498
318
-1859
623
1717
1177
-778
-1611
-1240
-1023
-1741
-680
1703
1680
1373
-1589
-1400
-1870
2035
-1625
-1947
-1104
1764
-1508
-1586
-820
-620
-1559
948
258
1104
1619
26
-234
468
1433
1118
-725
-1266
-1490
1720
-1125
463
1618
309
563
-315
897
-850
388
-252
-798
-1492
1404
-1563
-1928
-717
757
-179
1624
1349
1398
-1256
-1679
310
-320
1499
-1775
657
1378
1962
1803
952
-998
-750
392
-265
1784
-1305
1038
283
66
-1716
1876
-508
-1534
-1457
-1239
-1683
1549
-859
475
681
-1572
1760
195
-628
-149
934
1304
-276
251
825
-1857
-161
-1844
741
-433
623
-1454
1704
-2046
-809
1675
-622
-1893
20
-1890
1339
-1503
-518
1095
-784
388
612
-1090
1199
732
-558
-495
207
1410
1793
-1050
1628
920
1617
-1113
232
-930
-1783
712
-499
-836
1834
1425
1829
-625
586
-1358
-578
772
-116
-959
-1300
1168
-1123
-1144
-418
217
719
-1799
1336
-739
1009
-561
-656
-1168
45
207
1496
-175
1665
-1141
1953
1014
1340
399
353
978
1995
1816
-1959
-848
898
129
60
2012
405
1
1560
-1556
224
814
1678
-1734
1490
-608
1027
1794
-1288
-1511
-734
553
134
2006
25
1855
1400
1354
801
-688
132
1453
1673
-1362
-1167
-1277
240
-1680
-201
-1586
493
-297
-1172
-2025
963
1327
-193
1276
101
907
1703
633
-1455
-1330
-1512
1681
1460
-1160
-1246
1431
-1459
937
1178
705
588
188
144
162
1785
-1047
642
1767
1849
1398
101
-301
146
-546
204
970
-234
-1996
167
413
1182
-637
-230
1462
977
1102
-1596
1235
1871
-1069
-7
673
-1651
1619
-170
1199
-583
-1513
-2016
1581
1590
-966
984
-549
251
1309
1172
931
-433
-1640
-179
-168
621
116
-45
1499
-410
1996
191
1641
-1884
-1672
-571
1306
-1617
-1507
733
-921
-659
-1435
1741
-1325
1395
-609
-1187
-402
1224
1365
-1614
-1183
-1660
-693
-674
1826
1219
-203
-922
-585
-647
463
1731
590
1601
653
999
-1804
-1263
1389
120
614
1730
611
-1288
-24
-678
953
-1641
22
781
1258
-72
661
1242
-685
1425
-1104
721
-459
85
-619
-1870
1921
1360
-1913
-715
717
-373
-148
-886
-36
803
-1466
-432
-1459
538
-1061
932
-1096
-1603
-976
1441
-1592
576
1298
-1861
-1110
-494
-1455
1389
-435
-504
736
712
-1301
1075
1177
-1273
-204
-1133
-61
-282
679
1804
1018
-2033
115
1628
1010
1775
-1711
-1258
-1702
1191
-807
1123
1635
-712
1465
1008
-376
663
53
-1473
-1117
1298
-421
1291
294
-1715
-1664
1575
-1357
106
-949
1301
-142
734
-807
-1532
-40
-1495
-1450
-903
-252
519
-623
-967
1360
1443
2024
1717
1412
-1801
-2031
1946
-1540
-1283
2045
-314
-1199
-1756
945
561
-528
-1963
1003
-438
-2
1038
1176
747
-760
19
-1492
1992
-1813
1264
1378
-427
-163
-1013
264
984
416
-1192
219
548
1961
-635
1364
-1759
1605
-335
917
2006
1961
598
-785
1892
-34
720
-643
1565
606
1744
1351
-638
-1390
1373
-1203
-1713
1093
-856
1505
571
-541
-974
0
-1349
-1653
-312
-337
-2008
-313
-864
1587
-258
-1516
-1504
-1438
1111
956
956
359
825
916
855
-839
33
717
1933
1860
316
-1655
373
1201
-584
375
-1756
-1847
670
781
1397
-1359
1975
-359
-92
859
-1331
-305
1744
651
957
-460
1109
488
1
1213
-779
-1636
-61
-195
1927
1488
-1225
-550
-603
-1879
653
832
1647
-32
1779
-1589
-1955
466
1794
15
-1541
286
1319
-1404
1671
614
-1434
834
1669
-1106
983
-566
-1842
162
1414
-57
1181
-1163
-1839
-852
-1763
-664
-1801
-697
-1398
-296
-962
-1813
-1575
482
1025
396
-282
1875
-1479
80
-1574
290
-311
-1059
-992
-1527
829
-509
1373
1429
-218
-1499
-795
-1994
927
429
-1030
647
146
58
-1661
1956
-1572
1206
869
385
1792
-1795
-463
788
991
1362
-179
925
1173
-1704
600
-1421
-1194
-112
1533
-304
-1439
-684
-1859
-1248
-1859
-951
-1513
-234
-1029
1790
150
-2012
1420
-490
277
930
-481
1872
-80
-1471
1349
1057
-280
-17
-2005
-1797
-683
3
-673
-1292
-422
-1859
139
1313
1610
1474
1079
801
-384
1293
-976
-1503
429
-628
-264
1542
-752
-1265
-1850
-1004
-323
-267
1614
80
1443
221
-1520
1911
923
1786
-1476
-1396
-523
-1696
524
-596
1279
-74
-854
1945
1788
1253
-986
852
-301
2045
-1254
294
-1258
-543
815
-1841
1465
793
-223
-1553
243
-1686
-1406
1133
-1633
-1985
-532
-493
-1107
972
471
1743
274
-1524
-346
-1709
-115
257
-959
256
1465
-510
-45
-1234
1020
-1784
491
1179
-1645
-1062
924
260
-1468
-1984
1259
1509
-716
-818
-1263
-481
307
-1103
237
1987
-256
734
-1984
-1634
-539
316
-555
-1612
-1215
-4
-155
-1425
313
966
-684
-90
1334
1307
-277
-1762
624
-1211
-1171
-1067
284
341
1640
-94
1686
-1851
-1564
640
1803
-1838
1162
-236
-781
1635
-348
-88
1766
-1095
1005
855
-1966
821
-750
1689
1313
1301
-275
-840
-678
784
585
921
-1918
-1627
597
1894
-579
-1444
-932
1870
199
-382
1820
-1787
-1955
-580
1121
1091
-418
-26
-1294
-1032
1633
-576
928
1592
724
-69
-57
210
-691
1647
-1149
-1147
622
1064
-1447
-613
-548
-1318
-1912
-1979
-377
-487
1928
762
2044
1141
-1998
-1124
244
-103
202
-142
-1113
-350
-1586
-308
89
-1471
1882
-1941
-363
1506
573
1608
1374
-646
-371
319
-247
821
-1364
-836
-1816
-833
-796
-1983
-1170
-1216
545
-21
807
1478
-963
394
1769
-1680
-1488
1957
958
-347
207
2030
753
-229
1622
-367
-1360
973
-204
-1096
1455
-385
1686
1250
-1460
-478
-1730
1877
1398
-1613
1208
1309
-1510
-1844
-1564
544
278
-627
-847
681
671
-219
-2041
-1830
-738
126
2009
-1431
-1496
-1404
-2003
1083
-493
-685
814
-719
-1437
2033
1320
1405
1952
479
-1944
-949
1811
-540
1981
174
-1878
-1610
523
-60
-611
-1593
1311
-751
-953
-853
637
-309
1395
-614
-907
872
1994
-1690
1506
486
-1631
1382
-1220
561
-600
972
1804
1839
778
-846
172
-55
-712
-138
-180
108
-1059
-1073
-2046
639
1941
-532
-1745
800
940
1330
426
1710
333
-1793
-458
659
-832
-1351
900
-1366
-1794
243
1916
-1090
-1511
699
2028
-1885
-1294
1710
-1719
-1240
1678
1350
970
1675
-1617
-1596
384
1212
-815
-1765
-1137
991
865
630
311
1425
-1977
-1886
-230
-683
-946
-66
-1798
1930
1787
1769
1180
-376
1561
278
40
-251
1132
-893
-1439
-1642
-988
1127
-189
-1439
1345
1078
1914
-857
-854
-63
1288
-1143
-1025
-29
905
-667
1787
-245
-335
861
-350
-755
-709
609
1679
-586
-1302
1822
1333
397
2016
630
773
1092
-22
1968
-1710
-2019
2032
520
-737
476
-932
740
-388
1216
1638
1599
166
-1615
-1212
1701
-1126
-1709
801
1589
842
-921
719
-479
-718
450
-462
521
-1953
1397
1565
201
-1869
120
12
2025
401
1120
494
-1175
-1893
643
-1851
-239
1181
-1548
-956
-1278
-1635
974
-493
166
-555
347
-266
442
172
-1222
111
1696
1960
-691
1338
-597
512
1701
-245
-1908
-210
249
1042
-1637
250
-264
687
-458
-657
-752
1454
-74
266
-1026
1958
110
-557
-1895
-61
1578
-128
79
-384
-114
-1695
-562
-826
-574
-444
1308
-1079
-2044
-271
737
40
-1455
1928
-533
-323
-818
88
1715
-647
-712
622
-967
1757
-26
-893
-1676
-1425
-1599
136
-1241
127
151
-400
-1742
1013
-1175
-921
-1282
65
1991
-1739
-1426
-481
1576
247
1198
1401
-1488
-1830
1155
1787
-1881
502
-704
-1132
-1918
55
-1511
1151
-1971
-721
289
593
1415
-1089
1378
1331
-156
-834
-120
1299
-1489
294
126
-1035
1298
577
-610
-1796
-143
1054
404
-371
1868
764
-1608
-1531
1614
2012
774
-175
-332
-801
1642
-234
1441
1448
-121
-1639
1125
-892
1440
-772
1505
82
-1517
-1733
452
-984
-1135
75
738
-872
-1551
1254
547
894
422
1609
-1154
1656
658
899
-412
141
366
-853
1825
-1143
-148
1126
-1396
349
-171
82
-1682
534
-1101
652
-700
1712
-667
766
-1133
1376
-491
-1348
-1715
1956
-517
-29
975
-346
97
-876
213
-453
-418
1840
707
806
-1250
-359
-1315
1237
332
-1897
-332
-213
-767
-739
605
-843
379
1186
1220
1495
1649
-985
1939
1343
1022
-725
-2003
-490
237
1092
-1263
-917
682
-887
1851
1098
-1451
594
-1330
-30
1628
-1054
-393
-1763
-975
549
-1744
1861
-1729
71
384
1290
1775
-968
1526
-186
-1813
1753
527
-1770
-1784
-466
291
-598
141
1998
-834
1073
-1534
1643
-66
1625
760
-1936
978
1490
394
-1413
-1377
-1717
-876
1018
4
1347
613
107
-228
339
1357
910
-234
1540
332
820
-1617
-1010
-1404
-793
-1930
271
-58
-1557
634
641
-1862
26
-62
-1265
747
-1547
989
-1304
-662
-946
-692
-124
-478
-973
721
-1229
-1877
833
1139
-1820
-1609
-751
341
1200
1734
1001
10
-622
-646
-125
699
132
-1575
990
-873
-1563
1857
-1276
-1553
1292
-1230
-51
-1906
-253
1377
-918
-1638
-944
-807
-1328
636
-322
-755
451
-430
826
736
1209
-730
-933
1189
-1763
-1371
-1548
-840
-170
384
-1469
-1517
-1500
-744
-777
1629
-1400
1721
-848
-802
731
-2023
-192
-1635
-143
-2018
-1725
1132
-217
990
-682
1811
628
228
-1144
-1524
841
577
327
-165
1080
1546
1644
-270
354
-911
-94
1002
-1652
1539
-1357
1593
455
676
1345
-2021
574
1629
-1487
-1335
1627
1484
-459
-1555
1782
1891
42
-1766
209
784
-667
-1303
1506
1438
1669
1290
989
-1701
-682
211
1637
338
-20
916
1882
193
444
1626
-1098
998
-286
99
1881
-1037
531
949
-415
-1217
465
1908
1576
-1159
1297
1835
1229
766
-1023
-1375
-1725
-1275
1313
1430
677
973
882
-1283
-1742
152
1467
-1328
1835
119
-1079
-425
-922
1455
437
517
651
-1786
1533
-1924
1266
583
-1404
-491
-1517
-1079
-727
126
-1716
485
95
-1605
855
-937
-2025
-1547
-41
-1403
-1161
1986
-417
-1939
2027
-1521
1423
-647
-536
-1232
1688
711
-1107
181
1924
-1470
1741
-203
745
-1032
163
-623
1859
-1210
-468
1857
-886
265
2011
-1803
583
1157
453
-274
1250
-1986
-1934
-1845
1088
-954
-1285
459
611
914
1740
-1688
-925
1418
1397
833
-978
352
-1808
588
-628
1201
-275
-450
-825
704
-122
-282
367
1487
1968
1253
948
-1
-1012
796
1705
-739
-952
-1988
-503
749
-1074
1025
445
-1730
-30
-105
-555
-199
-33
-956
-1781
-117
-46
-1990
-1891
145
-1529
1190
937
-1474
2018
1192
1194
1759
1676
-1935
847
145
-77
1049
-667
-1956
-1267
-590
252
215
-1820
-1613
1655
395
542
-1643
1211
1140
1615
-1079
1557
-1203
-1010
-1906
67
1490
1073
790
-514
-335
-928
637
1155
65
-1753
464
-1133
-295
-921
719
-1486
456
-1999
-1356
1745
194
-1355
-907
1324
1766
-1112
1
-1981
-1793
-127
473
-1290
-1976
279
624
-570
1874
-512
-1834
1002
599
-492
-2041
1646
-1949
-1363
621
-98
-279
1511
737
-711
1315
-391
-339
1016
-1886
-1956
0
-1365
-1937
-259
1097
-148
117
312
1502
1401
589
902
1110
1526
-758
242
-1241
-1511
363
-217
461
308
-1028
1556
-729
291
-1453
1951
1305
-1207
-723
-71
-415
-805
1183
344
906
-831
-21
223
1261
1394
1597
-2010
700
1385
-1512
-824
224
-921
1128
-743
-23
-2020
305
1060
651
-341
709
311
811
342
-670
-1193
-1850
-544
-1961
1311
1724
252
-420
382
-245
-1943
606
1438
-1519
-295
-1457
151
937
-1929
-696
-710
-1814
543
-343
-401
-569
515
-1187
671
-407
1004
-1308
1680
-1196
1985
393
-998
-1034
1180
-724
1330
-247
-273
519
-42
-979
-990
-1783
-1288
1593
-1501
-783
-1732
-1617
-696
-25
430
-345
775
-313
-1259
484
998
927
-1522
1075
-1264
1265
1725
-1090
1544
-1304
-1473
-355
-1280
41
62
-1465
-8
-86
1403
1801
-1659
-823
1859
840
832
-159
1166
-600
172
-1769
-729
461
172
1363
1844
1812
-1454
387
-57
-879
1307
1735
1671
-1565
-1168
-1323
359
-1950
349
-1756
72
986
1655
559
1397
-382
1264
-1546
795
-157
-887
-1226
-1469
-284
952
259
960
168
1423
1003
1946
1629
-353
1076
806
725
1908
1709
-1416
215
1826
1390
-636
-721
1047
516
1385
-174
1509
622
-1459
-2021
1615
-401
-472
-1543
-1004
-381
1320
-1503
1495
-1513
-29
1548
1991
-451
2000
1241
-1495
638
-1364
2004
874
-743
-803
-1588
1084
1054
1964
-1944
2017
1285
891
-209
1883
2017
-1422
1904
-1578
-19
-973
-842
-1867
1702
1781
243
-1594
-1250
1641
-1995
-515
-1367
1239
-291
-220
1200
1801
-1477
769
1745
1864
-348
1621
-1315
-14
679
-479
-1006
527
715
-1623
1324
103
1315
-1109
1154
874
-1954
-724
-65
1657
1418
-1975
-857
-1298
-1983
1422
88
-1713
-948
575
623
1338
-868
481
-640
1113
-1356
-1612
597
1228
533
66
-135
-1122
1835
1989
-1465
-116
-759
1410
820
178
-1681
1215
-1390
-1681
-1366
-66
1848
237
-369
1294
-829
1019
1560
-1065
-1428
1098
-740
1351
-1944
-1333
-1680
1517
1230
1387
274
-750
-565
1241
680
-826
576
-1426
1994
249
-353
758
1170
14
1803
1718
985
-1206
-879
760
-1126
434
1666
-575
213
949
1493
-1
-368
513
895
-327
-227
-492
1956
1936
869
-294
716
296
-134
2025
-354
-1089
-50
-589
1937
-1404
1733
-760
-737
-1509
-564
-1880
411
1182
374
-1294
-110
-67
-959
1637
1440
-723
-234
-1194
1702
547
857
1302
1905
1549
-593
-665
-133
1293
1276
39
-485
-338
-718
1568
425
1338
277
-1773
-1550
-461
697
-115
-1179
42
1500
-1260
1175
1720
971
-288
861
187
1041
453
754
-1680
391
-1630
-1857
-1843
-232
-1345
254
924
-1092
431
-1808
-76
270
-1531
-85
-848
1017
61
881
-567
-1317
-1649
-874
-742
-1898
1976
912
-836
-2029
-1123
-1089
1599
-125
1198
-2037
1265
-279
-2026
-1241
831
-1718
1417
163
-46
1026
-836
-1951
-1359
954
343
-1601
1774
-1477
-1937
20
-1712
1218
1387
-570
-1988
1612
-1725
-145
-604
1283
515
1180
1813
-369
1432
-128
-883
640
-567
-1798
601
-397
-2008
655
1720
800
-1968
-1115
1868
1555
1753
-1187
1825
-205
894
-837
-1650
-592
-819
1610
607
-1068
-1035
724
2017
1275
-243
-883
-258
-686
-1980
-2016
1544
1679
1123
-1752
-330
-1674
1844
1372
873
1815
-2038
2046
164
448
1271
747
1720
-1899
-189
1732
1122
-614
-206
1957
1688
-1671
-1540
-46
1560
-919
15
-579
1812
1985
1601
1788
-1159
1954
-1982
1404
1059
3
-319
95
-1616
-816
-32
-493
258
77
-997
-1795
-953
1892
1615
-986
1173
1817
322
-1687
1259
696
-1785
1656
-1364
1573
-1344
-1447
-963
-1091
-1726
118
561
299
-1832
804
-1181
-1340
-1859
-1375
95
159
-838
-1479
1732
-725
1345
253
202
82
146
-147
395
1786
-1219
-138
-1425
519
647
-1945
546
1139
1833
1043
417
-1032
-1359
1734
-89
900
-491
1859
-254
-1212
1013
110
71
-706
1241
506
833
609
-25
398
147
1833
-375
-1585
-4
-1172
-645
192
-1096
1186
-1647
-1282
-676
1631
-1339
-758
-851
2
1005
-1941
1231
-1178
-1643
-572
91
984
-437
-1660
-1888
-1826
-243
-890
166
-1018
1538
-483
101
1412
1570
242
105
1731
-477
53
666
-391
-745
1654
106
-595
-176
-1096
747
-1754
1480
1023
1334
-358
1700
1045
-614
300
289
-619
1521
-882
-1151
-12
1976
-1471
-702
2026
-1001
118
1075
668
-905
-542
-324
1516
-989
501
446
-1137
-212
-746
-836
-2015
-201
0
-1442
978
-1404
-498
-2028
1546
1448
391
-1258
355
1146
-581
1341
-1651
-1410
1533
-1991
-1936
-164
-686
345
1038
-38
-552
1217
653
-97
958
-1537
1476
-926
755
-1853
1008
-313
-1262
28
-313
389
-1790
-358
1657
803
452
-582
541
711
-574
-195
704
1166
-2028
1698
718
1502
332
1372
-241
1547
285
-1001
705
993
-452
-122
-953
-923
25
-1205
-1107
844
-1594
-1759
-1857
-1622
-1690
-259
-1576
773
970
628
262
1453
-124
-1057
232
-436
-298
-104
1702
-1163
1054
-9
657
398
-2042
1592
1217
883
1248
-775
-208
-1975
1764
638
-1357
753
-941
1412
-1957
-1101
-695
-1356
1165
-2001
-361
1372
-665
-1411
-266
-1548
-1623
-1140
-1497
-892
-1570
355
-1697
-1585
-1805
-600
1138
1362
-560
-822
823
714
-1194
-1435
-1412
-641
-1996
-1235
-1010
-1050
1024
-1829
-687
-1531
-1250
-1896
946
246
1693
64
649
-494
500
-1274
444
-2026
-1155
-1592
172
-810
405
1962
1236
-551
-1628
1879
-129
-444
-1443
-1732
525
156
-282
1877
1097
-313
1066
-244
-999
676
-555
-709
532
482
-933
-704
-1415
-1219
-1626
1840
1474
-53
-615
1488
-1893
-324
-2028
-1885
1584
1502
-1604
654
1251
1417
285
414
49
550
-641
-2032
1972
-1532
1227
-1193
1666
426
1591
-1656
-1459
1364
-306
351
-577
-1585
378
1442
1444
839
21
8
-995
1165
-352
1088
334
1275
1637
-119
1349
1976
-1458
-738
-1507
-1386
-1592
1065
-1525
-243
-1050
-138
-1832
-1072
2029
-1183
1013
329
-790
658
221
1936
1432
-561
1271
-1989
582
1870
-338
612
-551
-451
734
926
-100
638
-414
-1057
1856
-636
1738
-230
-923
-1967
539
762
1822
-1188
-1892
759
797
154
104
363
-1397
-978
-456
2042
601
-989
644
1488
-663
-1087
1761
1546
1976
702
-1375
1248
1905
1253
-1437
1493
-797
639
-1532
-1657
1811
1550
1068
-667
-417
1977
-204
-1044
586
-1322
635
-96
1131
1542
1022
1904
1382
620
332
1727
1472
-1485
884
1952
1996
-1263
-1699
434
-965
-742
-43
1024
-356
-1451
-1274
-919
889
-132
109
735
1341
-1423
-739
-1248
-1666
1716
-152
-1259
1025
1140
1964
143
-1765
629
-126
-861
-892
-138
695
1808
1648
853
448
-1957
1053
-873
202
1196
1357
-1426
776
-417
1089
-2017
-604
547
376
-1587
-1617
-1111
-1855
1891
-1877
-805
246
-529
-1299
-410
1020
-1085
874
-1084
-1989
-2021
88
-1696
289
604
-1027
-211
-1979
424
1341
-454
-977
-1801
-1200
902
-329
80
997
1722
-2042
-99
-136
-236
-43
839
-1315
1261
-1436
-164
-1568
650
623
364
529
573
1480
-569
-1684
1199
1485
78
-2041
1410
-1703
1415
-1900
208
-1669
-975
-311
2043
-367
-1064
1888
57
-257
-1801
253
318
-745
-1315
-1681
1687
-610
1024
1733
518
-941
-1782
-69
-1710
-17
-250
671
1547
-1264
1373
1682
-1603
880
-1085
-463
1209
1277
166
-184
-1439
521
179
-253
-1831
-458
-1127
-535
1804
-649
-334
-1228
1828
-874
495
741
2037
1199
-131
1549
-1047
1822
-1418
-1876
1967
-1224
1345
-867
1887
836
1009
-739
1060
-1447
772
-1505
315
-2019
1817
-238
632
1115
1532
-903
-1302
-121
1378
1974
-549
424
2027
149
-1816
-685
-825
2020
-1721
-46
598
-337
-1282
1079
-1921
356
-964
-1384
-1354
-377
-1172
221
1702
1056
604
1753
-112
-1123
-770
696
-1313
1870
1539
1916
-364
321
25
-1301
1469
1669
-569
1074
-1138
1710
1725
-1785
-1695
-1347
1249
-1472
85
761
-151
-562
695
1856
1703
-215
-583
261
-272
-1065
-10
674
1228
-675
1335
-1185
337
-473
-1081
896
167
697
983
-2039
-1679
-839
1417
-1711
-151
-1769
1474
-969
1969
1782
-384
-1773
315
171
-1296
1
-83
-982
982
1528
859
1151
1192
-1538
1184
-1596
-580
-513
1297
174
1044
-1337
1277
1972
-1210
609
1965
682
414
126
-819
-1370
872
1060
357
-1164
1365
-1470
1793
1042
709
-913
-1239
-1103
-1986
882
1494
-1929
-396
-1828
349
455
1672
-228
-1543
830
944
965
-91
474
-1323
-1253
180
219
-874
128
-152
-71
-1483
853
283
1685
414
879
376
700
-1711
-806
3
113
60
-473
-1389
-1113
606
223
773
-780
-442
1894
-1335
1101
1041
-44
-1428
-292
606
1822
2028
355
375
1079
-1530
-819
-1706
-446
740
-506
-1333
-629
-1800
1764
92
676
-27
-1705
1833
-1269
118
-1459
-941
1729
-1622
-519
1875
-392
368
-1375
1495
1389
1943
-1143
-1731
-316
-1750
-1681
627
-1668
-299
-1547
1174
680
-830
890
657
-1713
1596
-304
-1943
-1223
947
-995
-897
-409
1381
-870
348
1625
-1722
-413
-950
206
1653
995
316
310
-810
-947
158
-379
763
-387
-209
662
-1742
984
-878
1740
944
-902
-1798
1322
-1332
534
1607
375
-1234
-1219
-716
-1583
-792
-1001
-1356
-1513
900
-415
1633
-1610
1458
1494
-494
1821
1762
671
-245
124
-1705
-223
389
1280
-1271
672
1703
1606
-1049
-440
1416
-719
1978
1462
-87
434
-1450
233
334
269
50
148
-451
-1595
590
-1382
1820
217
1886
-18
48
-58
255
-1681
-617
1661
1845
1283
1450
-1769
206
-1897
1516
-933
736
-977
725
224
-496
-1845
1803
2033
-1057
1345
639
-1585
-1388
1718
1452
155
534
1530
430
1952
-1987
1882
350
-1525
1762
-438
-997
-1853
625
582
-387
-1322
-1285
1677
410
1975
-364
476
1301
1780
-172
-42
-883
-862
-1205
373
-826
1566
254
-528
279
1665
1752
381
-652
-482
2018
899
-648
1178
1112
-1668
-747
-1770
115
-2027
800
1952
2014
4
586
-71
-1966
-22
230
751
413
175
1020
-144
1499
-518
1543
1438
-25
2020
-544
1128
699
1970
1579
916
46
-851
490
-95
331
707
1621
1666
1778
97
-318
214
1282
1217
-1345
-305
1687
-926
774
-912
1475
-810
-604
-909
-718
1438
1446
1356
1568
-188
1803
1991
315
-460
-1265
658
1166
-1295
-651
585
1354
-819
-181
-1701
-120
208
1893
1845
-1371
540
-722
593
1179
1354
1556
1081
-1336
1074
-1465
864
632
904
207
495
-22
1985
-30
1306
1497
-1353
-1670
1124
1123
-164
-1809
-958
-1685
-719
478
-1145
265
-1898
-815
-223
151
-1617
-1519
-1159
629
-219
-209
-276
1366
1606
-104
1255
-700
-534
-859
-773
216
1405
1450
1352
-1729
1504
-918
1024
1829
-725
-437
1787
-1163
789
-277
-712
-581
1883
-943
-1677
1865
1906
332
-1683
1279
1323
1644
-1736
-398
912
-532
1541
-823
-1152
794
-18
2001
1385
436
1534
-1109
434
1398
1085
1384
1288
-373
1733
345
-1469
790
433
273
1818
642
-1773
-1048
-685
-1342
128
-1987
-638
-989
1449
2034
-710
1053
1356
-350
-575
893
1559
975
-790
89
211
-42
1392
90
-1710
-614
84
943
1922
2007
1170
1322
-956
1072
-321
-21
-1775
-1394
1498
1804
-413
821
-263
2002
-24
548
-790
-1363
-1509
484
1432
909
169
-896
622
-485
-1745
-787
-743
-530
377
-149
1613
1942
-744
815
-30
683
337
-1044
-98
328
832
-644
-937
1439
1854
-1955
675
-1571
-698
-1757
