0
0
0
0
0
0
0
0
0
0
0
0
0
0
0
0
0
0
0
0
0
0
0
0
0
0
0
0
0
0
0
0
0
0
0
0
0
1
0
0
0
0
0
0
0
0
0
0
0
0
0
0
0
0
0
0
0
0
0
0
0
0
0
0
0
0
0
0
0
0
0
0
0
0
1917
-1730
-24
-1023
-1576
-1054
-638
-939
30
323
1243
-674
1629
1302
930
-717
-1132
1390
-1353
673
939
965
1844
777
1479
992
134
-1481
455
-1483
-165
1305
1750
-1027
-894
1800
130
1113
1688
203
1968
915
415
-1966
-1669
-113
-925
150
1757
-191
1234
-1563
-608
-478
1598
1104
1311
-2025
673
1990
-56
672
752
2023
1388
-873
-1634
1099
-1553
769
1629
-1628
-51
-234
588
959
-346
1989
-1890
1278
-1340
1945
259
1196
-948
-237
1751
-1268
692
816
619
-65
-1135
-35
-1931
1455
-1294
-272
1806
-399
1769
-727
-189
1658
2035
143
1701
-1160
-918
-632
-765
