Signal Legend:

Key        Signal Name

0        = rom:inst2|q
1        = fft:inst1|source_real
2        = fft:inst1|source_imag
3        = data_modulus:inst9|data_modulus
4        = fir:inst|ast_source_data

Data Table:

Signals-> 0     1    2    3   4        

sample

-128      -2048 0    0    0   3891347  
-127      -2048 0    0    0   3891347  
-126      -2048 0    0    8   3891347  
-125      -2048 0    0    0   3891347  
-124      -2048 0    0    0   3891347  
-123      -2048 0    0    0   3891347  
-122      -2048 0    0    0   3891347  
-121      -2048 8    0    0   3891347  
-120      -2048 0    0    0   3887252  
-119      -2048 0    0    0   3874967  
-118      -2048 0    0    8   3850397  
-117      -2048 0    0    0   3809447  
-116      -2048 0    0    0   3743927  
-115      -2048 0    0    0   3649742  
-114      -2048 0    0    0   3518702  
-113      -2048 1    8    0   3342617  
-112      -2048 0    0    0   3121487  
-111      -2048 0    0    0   2847122  
-110      -2048 0    0    8   2523617  
-109      -2048 0    0    0   2146877  
-108      -2048 0    0    0   1725092  
-107      -2048 0    0    0   1262357  
-106      -2048 0    0    0   770957   
-105      -2048 -8   2    0   259082   
-104      -2048 0    0    0   -260983  
-103      -2048 0    0    0   -772858  
-102      -2048 0    0    8   -1264258 
-101      -2048 0    0    0   -1726993 
-100      -2048 0    0    0   -2148778 
-99       -2048 0    0    0   -2525518 
-98       -2048 0    0    0   -2849023 
-97       -2048 -3   -8   0   -3123388 
-96       -2048 0    0    0   -3344518 
-95       -2048 0    0    0   -3520603 
-94       -2048 0    0    8   -3651643 
-93       -2048 0    0    0   -3745828 
-92       -2048 0    0    0   -3811348 
-91       -2048 0    0    0   -3852298 
-90       -2048 0    0    0   -3876868 
-89       -2048 7    -4   0   -3889153 
-88       -2048 0    0    0   -3893248 
-87       -2048 0    0    0   -3893248 
-86       -2048 0    0    8   -3893248 
-85       -2048 0    0    0   -3893248 
-84       -2048 0    0    0   -3893248 
-83       -2048 0    0    0   -3893248 
-82       -2048 0    0    0   -3893248 
-81       -2048 5    7    0   -3893248 
-80       -2048 0    0    0   -3893248 
-79       -2048 0    0    0   -3893248 
-78       -2048 0    0    8   -3893248 
-77       -2048 0    0    0   -3893248 
-76       -2048 0    0    0   -3893248 
-75       -2048 0    0    0   -3893248 
-74       -2048 0    0    0   -3893248 
-73       -2048 -6   6    0   -3893248 
-72       -2048 0    0    0   -3893248 
-71       -2048 0    0    0   -3893248 
-70       -2048 0    0    8   -3893248 
-69       -2048 0    0    0   -3893248 
-68       -2048 0    0    0   -3893248 
-67       -2048 0    0    0   -3893248 
-66       -2048 0    0    0   -3893248 
-65       -2048 -7   -5   0   -3893248 
-64       -2048 0    0    0   -3893248 
-63       -2048 0    0    0   -3893248 
-62       -2048 0    0    8   -3893248 
-61       -2048 0    0    0   -3893248 
-60       -2048 0    0    0   -3893248 
-59       -2048 0    0    0   -3893248 
-58       -2048 0    0    0   -3893248 
-57       -2048 5    -7   0   -3893248 
-56       -2048 0    0    0   -3893248 
-55       -2048 0    0    0   -3893248 
-54       -2048 0    0    8   -3893248 
-53       -2048 0    0    0   -3893248 
-52       -2048 0    0    0   -3893248 
-51       -2048 0    0    0   -3893248 
-50       -2048 0    0    0   -3893248 
-49       -2048 8    4    0   -3893248 
-48       -2048 0    0    0   -3893248 
-47       -2048 0    0    0   -3893248 
-46       -2048 0    0    8   -3893248 
-45       -2048 0    0    0   -3893248 
-44       -2048 0    0    0   -3893248 
-43       -2048 0    0    0   -3893248 
-42       -2048 0    0    0   -3893248 
-41       -2048 -3   8    0   -3893248 
-40       -2048 0    0    0   -3893248 
-39       -2048 0    0    0   -3893248 
-38       -2048 0    0    8   -3893248 
-37       -2048 0    0    0   -3893248 
-36       -2048 0    0    0   -3893248 
-35       -2048 0    0    0   -3893248 
-34       -2048 0    0    0   -3893248 
-33       -2048 -8   -2   0   -3893248 
-32       -2048 0    0    0   -3893248 
-31       -2048 0    0    0   -3893248 
-30       -2048 0    0    8   -3893248 
-29       -2048 0    0    0   -3893248 
-28       -2048 0    0    0   -3893248 
-27       -2048 0    0    0   -3893248 
-26       -2048 0    0    0   -3893248 
-25       -2048 0    -9   0   -3893248 
-24       -2048 0    0    0   -3893248 
-23       -2048 0    0    0   -3893248 
-22       -2048 0    0    9   -3893248 
-21       -2048 0    0    0   -3893248 
-20       -2048 0    0    0   -3893248 
-19       -2048 0    0    0   -3893248 
-18       -2048 0    0    0   -3893248 
-17       -2048 10   -1   0   -3893248 
-16       -2048 0    0    0   -3893248 
-15       -2048 0    0    0   -3893248 
-14       -2048 0    0    10  -3893248 
-13       -2048 0    0    0   -3893248 
-12       2047  0    0    0   -3893248 
-11       2047  0    0    0   -3893248 
-10       2047  0    0    0   -3893248 
-9        2047  1    9    0   -3893248 
-8        2047  0    0    0   -3893248 
-7        2047  0    0    0   -3893248 
-6        2047  0    0    9   -3893248 
-5        2047  0    0    0   -3893248 
-4        2047  0    0    0   -3893248 
-3        2047  0    0    0   -3893248 
-2        2047  0    0    0   -3893248 
-1        2047  -9   3    0   -3893248 
0         2047  0    0    0   -3893248 
1         2047  0    0    0   -3893248 
2         2047  0    0    9   -3893248 
3         2047  0    0    0   -3893248 
4         2047  0    0    0   -3893248 
5         2047  0    0    0   -3893248 
6         2047  0    0    0   -3893248 
7         2047  -4   -9   0   -3893248 
8         2047  0    0    0   -3889153 
9         2047  0    0    0   -3876868 
10        2047  0    0    9   -3852298 
11        2047  0    0    0   -3811348 
12        2047  0    0    0   -3745828 
13        2047  0    0    0   -3651643 
14        2047  0    0    0   -3520603 
15        2047  8    -5   0   -3344518 
16        2047  0    0    0   -3123388 
17        2047  0    0    0   -2849023 
18        2047  0    0    9   -2525518 
19        2047  0    0    0   -2148778 
20        2047  0    0    0   -1726993 
21        2047  0    0    0   -1264258 
22        2047  0    0    0   -772858  
23        2047  6    7    0   -260983  
24        2047  0    0    0   259082   
25        2047  0    0    0   770957   
26        2047  0    0    9   1262357  
27        2047  0    0    0   1725092  
28        2047  0    0    0   2146877  
29        2047  0    0    0   2523617  
30        2047  0    0    0   2847122  
31        2047  -6   8    0   3121487  
32        2047  0    0    0   3342617  
33        2047  0    0    0   3518702  
34        2047  0    0    10  3649742  
35        2047  0    0    0   3743927  
36        2047  0    0    0   3809447  
37        2047  0    0    0   3850397  
38        2047  0    0    0   3874967  
39        2047  -8   -6   0   3887252  
40        2047  0    0    0   3891347  
41        2047  0    0    0   3891347  
42        2047  0    0    10  3891347  
43        2047  0    0    0   3891347  
44        2047  0    0    0   3891347  
45        2047  0    0    0   3891347  
46        2047  0    0    0   3891347  
47        2047  5    -9   0   3891347  
48        2047  0    0    0   3891347  
49        2047  0    0    0   3891347  
50        2047  0    0    10  3891347  
51        2047  0    0    0   3891347  
52        2047  0    0    0   3891347  
53        2047  0    0    0   3891347  
54        2047  0    0    0   3891347  
55        2047  10   4    0   3891347  
56        2047  0    0    0   3891347  
57        2047  0    0    0   3891347  
58        2047  0    0    10  3891347  
59        2047  0    0    0   3891347  
60        2047  0    0    0   3891347  
61        2047  0    0    0   3891347  
62        2047  0    0    0   3891347  
63        2047  -3   11   0   3891347  
64        2047  0    0    0   3891347  
65        2047  0    0    0   3891347  
66        2047  0    0    11  3891347  
67        2047  0    0    0   3891347  
68        2047  0    0    0   3891347  
69        2047  0    0    0   3891347  
70        2047  0    0    0   3891347  
71        2047  -11  -2   0   3891347  
72        2047  0    0    0   3891347  
73        2047  0    0    0   3891347  
74        2047  0    0    11  3891347  
75        2047  0    0    0   3891347  
76        2047  0    0    0   3891347  
77        2047  0    0    0   3891347  
78        2047  0    0    0   3891347  
79        2047  1    -11  0   3891347  
80        2047  0    0    0   3891347  
81        2047  0    0    0   3891347  
82        2047  0    0    11  3891347  
83        2047  0    0    0   3891347  
84        2047  0    0    0   3891347  
85        2047  0    0    0   3891347  
86        2047  0    0    0   3891347  
87        2047  42   37   0   3891347  
88        2047  0    0    0   3891347  
89        2047  0    0    0   3891347  
90        2047  0    0    55  3891347  
91        2047  0    0    0   3891347  
92        2047  0    0    0   3891347  
93        2047  0    0    0   3891347  
94        2047  0    0    0   3891347  
95        2047  -39  34   0   3891347  
96        2047  0    0    0   3891347  
97        2047  0    0    0   3891347  
98        2047  0    0    51  3891347  
99        2047  0    0    0   3891347  
100       2047  0    0    0   3891347  
101       2047  0    0    0   3891347  
102       2047  0    0    0   3891347  
103       2047  -24  -39  0   3891347  
104       2047  0    0    0   3891347  
105       2047  0    0    0   3891347  
106       2047  0    0    45  3891347  
107       2047  0    0    0   3891347  
108       2047  0    0    0   3891347  
109       2047  0    0    0   3891347  
110       2047  0    0    0   3891347  
111       2047  36   -15  0   3891347  
112       2047  0    0    0   3891347  
113       2047  0    0    0   3891347  
114       2047  0    0    39  3891347  
115       2047  0    0    0   3891347  
116       -2048 0    0    0   3891347  
117       -2048 0    0    0   3891347  
118       -2048 0    0    0   3891347  
119       -2048 8    30   0   3891347  
120       -2048 0    0    0   3891347  
121       -2048 0    0    0   3891347  
122       -2048 0    0    31  3891347  
123       -2048 0    0    0   3891347  
124       -2048 0    0    0   3891347  
125       -2048 0    0    0   3891347  
126       -2048 0    0    0   3891347  
127       -2048 -21  1    0   3891347  
128       -2048 0    0    0   3891347  
129       -2048 0    0    0   3891347  
130       -2048 0    0    21  3891347  
131       -2048 0    0    0   3891347  
132       -2048 0    0    0   3891347  
133       -2048 0    0    0   3891347  
134       -2048 0    0    0   3891347  
135       -2048 3    -13  0   3891347  
136       -2048 0    0    0   3887252  
137       -2048 0    0    0   3874967  
138       -2048 0    0    13  3850397  
139       -2048 0    0    0   3809447  
140       -2048 0    0    0   3743927  
141       -2048 0    0    0   3649742  
142       -2048 0    0    0   3518702  
143       -2048 4    4    0   3342617  
144       -2048 0    0    0   3121487  
145       -2048 0    0    0   2847122  
146       -2048 0    0    5   2523617  
147       -2048 0    0    0   2146877  
148       -2048 0    0    0   1725092  
149       -2048 0    0    0   1262357  
150       -2048 0    0    0   770957   
151       -2048 -1   -1   0   259082   
152       -2048 0    0    0   -260983  
153       -2048 0    0    0   -772858  
154       -2048 0    0    1   -1264258 
155       -2048 0    0    0   -1726993 
156       -2048 0    0    0   -2148778 
157       -2048 0    0    0   -2525518 
158       -2048 0    0    0   -2849023 
159       -2048 -1   1    0   -3123388 
160       -2048 0    0    0   -3344518 
161       -2048 0    0    0   -3520603 
162       -2048 0    0    1   -3651643 
163       -2048 0    0    0   -3745828 
164       -2048 0    0    0   -3811348 
165       -2048 0    0    0   -3852298 
166       -2048 0    0    0   -3876868 
167       -2048 0    0    0   -3889153 
168       -2048 0    0    0   -3893248 
169       -2048 0    0    0   -3893248 
170       -2048 0    0    0   -3893248 
171       -2048 0    0    0   -3893248 
172       -2048 0    0    0   -3893248 
173       -2048 0    0    0   -3893248 
174       -2048 0    0    0   -3893248 
175       -2048 -1   1    0   -3893248 
176       -2048 0    0    0   -3893248 
177       -2048 0    0    0   -3893248 
178       -2048 0    0    1   -3893248 
179       -2048 0    0    0   -3893248 
180       -2048 0    0    0   -3893248 
181       -2048 0    0    0   -3893248 
182       -2048 0    0    0   -3893248 
183       -2048 -2   -4   0   -3893248 
184       -2048 0    0    0   -3893248 
185       -2048 0    0    0   -3893248 
186       -2048 0    0    4   -3893248 
187       -2048 0    0    0   -3893248 
188       -2048 0    0    0   -3893248 
189       -2048 0    0    0   -3893248 
190       -2048 0    0    0   -3893248 
191       -2048 7    -1   0   -3893248 
192       -2048 0    0    0   -3893248 
193       -2048 0    0    0   -3893248 
194       -2048 0    0    7   -3893248 
195       -2048 0    0    0   -3893248 
196       -2048 0    0    0   -3893248 
197       -2048 0    0    0   -3893248 
198       -2048 0    0    0   -3893248 
199       -2048 -1   9    0   -3893248 
200       -2048 0    0    0   -3893248 
201       -2048 0    0    0   -3893248 
202       -2048 0    0    9   -3893248 
203       -2048 0    0    0   -3893248 
204       -2048 0    0    0   -3893248 
205       -2048 0    0    0   -3893248 
206       -2048 0    0    0   -3893248 
207       -2048 -9   -2   0   -3893248 
208       -2048 0    0    0   -3893248 
209       -2048 0    0    0   -3893248 
210       -2048 0    0    9   -3893248 
211       -2048 0    0    0   -3893248 
212       -2048 0    0    0   -3893248 
213       -2048 0    0    0   -3893248 
214       -2048 0    0    0   -3893248 
215       -2048 6    -5   0   -3893248 
216       -2048 0    0    0   -3893248 
217       -2048 0    0    0   -3893248 
218       -2048 0    0    7   -3893248 
219       -2048 0    0    0   -3893248 
220       -2048 0    0    0   -3893248 
221       -2048 0    0    0   -3893248 
222       -2048 0    0    0   -3893248 
223       -2048 -5   7    0   -3893248 
224       -2048 0    0    0   -3893248 
225       -2048 0    0    0   -3893248 
226       -2048 0    0    8   -3893248 
227       -2048 0    0    0   -3893248 
228       -2048 0    0    0   -3893248 
229       -2048 0    0    0   -3893248 
230       -2048 0    0    0   -3893248 
231       -2048 -3   -14  0   -3893248 
232       -2048 0    0    0   -3893248 
233       -2048 0    0    0   -3893248 
234       -2048 0    0    14  -3893248 
235       -2048 0    0    0   -3893248 
236       -2048 0    0    0   -3893248 
237       -2048 0    0    0   -3893248 
238       -2048 0    0    0   -3893248 
239       -2048 20   6    0   -3893248 
240       -2048 0    0    0   -3893248 
241       -2048 0    0    0   -3893248 
242       -2048 0    0    20  -3893248 
243       -2048 0    0    0   -3893248 
244       2047  0    0    0   -3893248 
245       2047  0    0    0   -3893248 
246       2047  0    0    0   -3893248 
247       2047  -18  20   0   -3893248 
248       2047  0    0    0   -3893248 
249       2047  0    0    0   -3893248 
250       2047  0    0    26  -3893248 
251       2047  0    0    0   -3893248 
252       2047  0    0    0   -3893248 
253       2047  0    0    0   -3893248 
254       2047  0    0    0   -3893248 
255       2047  -14  -29  0   -3893248 
256       2047  0    0    0   -3893248 
257       2047  0    0    0   -3893248 
258       2047  0    0    32  -3893248 
259       2047  0    0    0   -3893248 
260       2047  0    0    0   -3893248 
261       2047  0    0    0   -3893248 
262       2047  0    0    0   -3893248 
263       2047  34   -2   0   -3893248 
264       2047  0    0    0   -3889153 
265       2047  0    0    0   -3876868 
266       2047  0    0    34  -3852298 
267       2047  0    0    0   -3811348 
268       2047  0    0    0   -3745828 
269       2047  0    0    0   -3651643 
270       2047  0    0    0   -3520603 
271       2047  -12  33   0   -3344518 
272       2047  0    0    0   -3123388 
273       2047  0    0    0   -2849023 
274       2047  0    0    35  -2525518 
275       2047  0    0    0   -2148778 
276       2047  0    0    0   -1726993 
277       2047  0    0    0   -1264258 
278       2047  0    0    0   -772858  
279       2047  -13  -42  0   -260983  
280       2047  0    0    0   259082   
281       2047  0    0    0   770957   
282       2047  0    0    43  1262357  
283       2047  0    0    0   1725092  
284       2047  0    0    0   2146877  
285       2047  0    0    0   2523617  
286       2047  0    0    0   2847122  
287       2047  49   13   0   3121487  
288       2047  0    0    0   3342617  
289       2047  0    0    0   3518702  
290       2047  0    0    50  3649742  
291       2047  0    0    0   3743927  
292       2047  0    0    0   3809447  
293       2047  0    0    0   3850397  
294       2047  0    0    0   3874967  
295       2047  -44  41   0   3887252  
296       2047  0    0    0   3891347  
297       2047  0    0    0   3891347  
298       2047  0    0    60  3891347  
299       2047  0    0    0   3891347  
300       2047  0    0    0   3891347  
301       2047  0    0    0   3891347  
302       2047  0    0    0   3891347  
303       2047  -14  -72  0   3891347  
304       2047  0    0    0   3891347  
305       2047  0    0    0   3891347  
306       2047  0    0    73  3891347  
307       2047  0    0    0   3891347  
308       2047  0    0    0   3891347  
309       2047  0    0    0   3891347  
310       2047  0    0    0   3891347  
311       2047  87   35   0   3891347  
312       2047  0    0    0   3891347  
313       2047  0    0    0   3891347  
314       2047  0    0    93  3891347  
315       2047  0    0    0   3891347  
316       2047  0    0    0   3891347  
317       2047  0    0    0   3891347  
318       2047  0    0    0   3891347  
319       2047  -105 77   0   3891347  
320       2047  0    0    0   3891347  
321       2047  0    0    0   3891347  
322       2047  0    0    130 3891347  
323       2047  0    0    0   3891347  
324       2047  0    0    0   3891347  
325       2047  0    0    0   3891347  
326       2047  0    0    0   3891347  
327       2047  -13  -217 0   3891347  
328       2047  0    0    0   3891347  
329       2047  0    0    0   3891347  
330       2047  0    0    217 3891347  
331       2047  0    0    0   3891347  
332       2047  0    0    0   3891347  
333       2047  0    0    0   3891347  
334       2047  0    0    0   3891347  
335       2047  571  314  0   3891347  
336       2047  0    0    0   3891347  
337       2047  0    0    0   3891347  
338       2047  0    0    651 3891347  
339       2047  0    0    0   3891347  
340       2047  0    0    0   3891347  
341       2047  0    0    0   3891347  
342       2047  0    0    0   3891347  
343       2047  0    0    0   3891347  
344       2047  0    0    0   3891347  
345       2047  0    0    0   3891347  
346       2047  0    0    0   3891347  
347       2047  0    0    0   3891347  
348       2047  0    0    0   3891347  
349       2047  0    0    0   3891347  
350       2047  510  -408 0   3891347  
351       2047  0    0    0   3891347  
352       2047  0    0    0   3891347  
353       2047  0    0    653 3891347  
354       2047  0    0    0   3891347  
355       2047  0    0    0   3891347  
356       2047  0    0    0   3891347  
357       2047  0    0    0   3891347  
358       2047  96   196  0   3891347  
359       2047  0    0    0   3891347  
360       2047  0    0    0   3891347  
361       2047  0    0    218 3891347  
362       2047  0    0    0   3891347  
363       2047  0    0    0   3891347  
364       2047  0    0    0   3891347  
365       2047  0    0    0   3891347  
366       2047  -127 31   0   3891347  
367       2047  0    0    0   3891347  
368       2047  0    0    0   3891347  
369       2047  0    0    130 3891347  
370       2047  0    0    0   3891347  
371       2047  0    0    0   3891347  
372       -2048 0    0    0   3891347  
373       -2048 0    0    0   3891347  
374       -2048 -1   -94  0   3891347  
375       -2048 0    0    0   3891347  
376       -2048 0    0    0   3891347  
377       -2048 0    0    94  3891347  
378       -2048 0    0    0   3891347  
379       -2048 0    0    0   3891347  
380       -2048 0    0    0   3891347  
381       -2048 0    0    0   3891347  
382       -2048 72   15   0   3891347  
383       -2048 0    0    0   3891347  
384       -2048 0    0    0   3891347  
385       -2048 0    0    73  3891347  
386       -2048 0    0    0   3891347  
387       -2048 0    0    0   3891347  
388       -2048 0    0    0   3891347  
389       -2048 0    0    0   3891347  
390       -2048 -25  55   0   3891347  
391       -2048 0    0    0   3891347  
392       -2048 0    0    0   3887252  
393       -2048 0    0    60  3874967  
394       -2048 0    0    0   3850397  
395       -2048 0    0    0   3809447  
396       -2048 0    0    0   3743927  
397       -2048 0    0    0   3649742  
398       -2048 -41  -31  0   3518702  
399       -2048 0    0    0   3342617  
400       -2048 0    0    0   3121487  
401       -2048 0    0    51  2847122  
402       -2048 0    0    0   2523617  
403       -2048 0    0    0   2146877  
404       -2048 0    0    0   1725092  
405       -2048 0    0    0   1262357  
406       -2048 34   -28  0   770957   
407       -2048 0    0    0   259082   
408       -2048 0    0    0   -260983  
409       -2048 0    0    44  -772858  
410       -2048 0    0    0   -1264258 
411       -2048 0    0    0   -1726993 
412       -2048 0    0    0   -2148778 
413       -2048 0    0    0   -2525518 
414       -2048 18   35   0   -2849023 
415       -2048 0    0    0   -3123388 
416       -2048 0    0    0   -3344518 
417       -2048 0    0    39  -3520603 
418       -2048 0    0    0   -3651643 
419       -2048 0    0    0   -3745828 
420       -2048 0    0    0   -3811348 
421       -2048 0    0    0   -3852298 
422       -2048 -34  9    0   -3876868 
423       -2048 0    0    0   -3889153 
424       -2048 0    0    0   -3893248 
425       -2048 0    0    35  -3893248 
426       -2048 0    0    0   -3893248 
427       -2048 0    0    0   -3893248 
428       -2048 0    0    0   -3893248 
429       -2048 0    0    0   -3893248 
430       -2048 -1   -31  0   -3893248 
431       -2048 0    0    0   -3893248 
432       -2048 0    0    0   -3893248 
433       -2048 0    0    31  -3893248 
434       -2048 0    0    0   -3893248 
435       -2048 0    0    0   -3893248 
436       -2048 0    0    0   -3893248 
437       -2048 0    0    0   -3893248 
438       -2048 29   5    0   -3893248 
439       -2048 0    0    0   -3893248 
440       -2048 0    0    0   -3893248 
441       -2048 0    0    29  -3893248 
442       -2048 0    0    0   -3893248 
443       -2048 0    0    0   -3893248 
444       -2048 0    0    0   -3893248 
445       -2048 0    0    0   -3893248 
446       -2048 -11  25   0   -3893248 
447       -2048 0    0    0   -3893248 
448       -2048 0    0    0   -3893248 
449       -2048 0    0    27  -3893248 
450       -2048 0    0    0   -3893248 
451       -2048 0    0    0   -3893248 
452       -2048 0    0    0   -3893248 
453       -2048 0    0    0   -3893248 
454       -2048 -20  -14  0   -3893248 
455       -2048 0    0    0   -3893248 
456       -2048 0    0    0   -3893248 
457       -2048 0    0    24  -3893248 
458       -2048 0    0    0   -3893248 
459       -2048 0    0    0   -3893248 
460       -2048 0    0    0   -3893248 
461       -2048 0    0    0   -3893248 
462       -2048 17   -16  0   -3893248 
463       -2048 0    0    0   -3893248 
464       -2048 0    0    0   -3893248 
465       -2048 0    0    23  -3893248 
466       -2048 0    0    0   -3893248 
467       -2048 0    0    0   -3893248 
468       -2048 0    0    0   -3893248 
469       -2048 0    0    0   -3893248 
470       -2048 10   19   0   -3893248 
471       -2048 0    0    0   -3893248 
472       -2048 0    0    0   -3893248 
473       -2048 0    0    21  -3893248 
474       -2048 0    0    0   -3893248 
475       -2048 0    0    0   -3893248 
476       -2048 0    0    0   -3893248 
477       -2048 0    0    0   -3893248 
478       -2048 -19  6    0   -3893248 
479       -2048 0    0    0   -3893248 
480       -2048 0    0    0   -3893248 
481       -2048 0    0    19  -3893248 
482       -2048 0    0    0   -3893248 
483       -2048 0    0    0   -3893248 
484       -2048 0    0    0   -3893248 
485       -2048 0    0    0   -3893248 
486       -2048 -2   -19  0   -3893248 
487       -2048 0    0    0   -3893248 
488       -2048 0    0    0   -3893248 
489       -2048 0    0    19  -3893248 
490       -2048 0    0    0   -3893248 
491       -2048 0    0    0   -3893248 
492       -2048 0    0    0   -3893248 
493       -2048 0    0    0   -3893248 
494       -2048 18   3    0   -3893248 
495       -2048 0    0    0   -3893248 
496       -2048 0    0    0   -3893248 
497       -2048 0    0    18  -3893248 
498       -2048 0    0    0   -3893248 
499       -2048 0    0    0   -3893248 
500       2047  0    0    0   -3893248 
501       2047  0    0    0   -3893248 
502       2047  -7   16   0   -3893248 
503       2047  0    0    0   -3893248 
504       2047  0    0    0   -3893248 
505       2047  0    0    17  -3893248 
506       2047  0    0    0   -3893248 
507       2047  0    0    0   -3893248 
508       2047  0    0    0   -3893248 
509       2047  0    0    0   -3893248 
510       2047  -14  -9   0   -3893248 
511       2047  0    0    0   -3893248 
512       2047  0    0    0   -3893248 
513       2047  0    0    16  -3893248 
514       2047  0    0    0   -3893248 
515       2047  0    0    0   -3893248 
516       2047  0    0    0   -3893248 
517       2047  0    0    0   -3893248 
518       2047  12   -11  0   -3893248 
519       2047  0    0    0   -3893248 
520       2047  0    0    0   -3889153 
521       2047  0    0    16  -3876868 
522       2047  0    0    0   -3852298 
523       2047  0    0    0   -3811348 
524       2047  0    0    0   -3745828 
525       2047  0    0    0   -3651643 
526       2047  8    13   0   -3520603 
527       2047  0    0    0   -3344518 
528       2047  0    0    0   -3123388 
529       2047  0    0    15  -2849023 
530       2047  0    0    0   -2525518 
531       2047  0    0    0   -2148778 
532       2047  0    0    0   -1726993 
533       2047  0    0    0   -1264258 
534       2047  -14  5    0   -772858  
535       2047  0    0    0   -260983  
536       2047  0    0    0   259082   
537       2047  0    0    14  770957   
538       2047  0    0    0   1262357  
539       2047  0    0    0   1725092  
540       2047  0    0    0   2146877  
541       2047  0    0    0   2523617  
542       2047  -1   -15  0   2847122  
543       2047  0    0    0   3121487  
544       2047  0    0    0   3342617  
545       2047  0    0    15  3518702  
546       2047  0    0    0   3649742  
547       2047  0    0    0   3743927  
548       2047  0    0    0   3809447  
549       2047  0    0    0   3850397  
550       2047  14   2    0   3874967  
551       2047  0    0    0   3887252  
552       2047  0    0    0   3891347  
553       2047  0    0    14  3891347  
554       2047  0    0    0   3891347  
555       2047  0    0    0   3891347  
556       2047  0    0    0   3891347  
557       2047  0    0    0   3891347  
558       2047  -4   13   0   3891347  
559       2047  0    0    0   3891347  
560       2047  0    0    0   3891347  
561       2047  0    0    13  3891347  
562       2047  0    0    0   3891347  
563       2047  0    0    0   3891347  
564       2047  0    0    0   3891347  
565       2047  0    0    0   3891347  
566       2047  -11  -7   0   3891347  
567       2047  0    0    0   3891347  
568       2047  0    0    0   3891347  
569       2047  0    0    13  3891347  
570       2047  0    0    0   3891347  
571       2047  0    0    0   3891347  
572       2047  0    0    0   3891347  
573       2047  0    0    0   3891347  
574       2047  9    -9   0   3891347  
575       2047  0    0    0   3891347  
576       2047  0    0    0   3891347  
577       2047  0    0    12  3891347  
578       2047  0    0    0   3891347  
579       2047  0    0    0   3891347  
580       2047  0    0    0   3891347  
581       2047  0    0    0   3891347  
582       2047  7    10   0   3891347  
583       2047  0    0    0   3891347  
584       2047  0    0    0   3891347  
585       2047  0    0    12  3891347  
586       2047  0    0    0   3891347  
587       2047  0    0    0   3891347  
588       2047  0    0    0   3891347  
589       2047  0    0    0   3891347  
590       2047  -11  4    0   3891347  
591       2047  0    0    0   3891347  
592       2047  0    0    0   3891347  
593       2047  0    0    11  3891347  
594       2047  0    0    0   3891347  
595       2047  0    0    0   3891347  
596       2047  0    0    0   3891347  
597       2047  0    0    0   3891347  
598       2047  -2   -12  0   3891347  
599       2047  0    0    0   3891347  
600       2047  0    0    0   3891347  
601       2047  0    0    12  3891347  
602       2047  0    0    0   3891347  
603       2047  0    0    0   3891347  
604       2047  0    0    0   3891347  
605       2047  0    0    0   3891347  
606       2047  12   1    0   3891347  
607       2047  0    0    0   3891347  
608       2047  0    0    0   3891347  
609       2047  0    0    12  3891347  
610       2047  0    0    0   3891347  
611       2047  0    0    0   3891347  
612       2047  0    0    0   3891347  
613       2047  0    0    0   3891347  
614       2047  -4   10   0   3891347  
615       2047  0    0    0   3891347  
616       2047  0    0    0   3891347  
617       2047  0    0    10  3891347  
618       2047  0    0    0   3891347  
619       2047  0    0    0   3891347  
620       2047  0    0    0   3891347  
621       2047  0    0    0   3891347  
622       2047  -9   -6   0   3891347  
623       2047  0    0    0   3891347  
624       2047  0    0    0   3891347  
625       2047  0    0    10  3891347  
626       2047  0    0    0   3891347  
627       2047  0    0    0   3891347  
628       -2048 0    0    0   3891347  
629       -2048 0    0    0   3891347  
630       -2048 8    -7   0   3891347  
631       -2048 0    0    0   3891347  
632       -2048 0    0    0   3891347  
633       -2048 0    0    10  3891347  
634       -2048 0    0    0   3891347  
635       -2048 0    0    0   3891347  
636       -2048 0    0    0   3891347  
637       -2048 0    0    0   3891347  
638       -2048 6    9    0   3891347  
639       -2048 0    0    0   3891347  
640       -2048 0    0    0   3891347  
641       -2048 0    0    10  3891347  
642       -2048 0    0    0   3891347  
643       -2048 0    0    0   3891347  
644       -2048 0    0    0   3891347  
645       -2048 0    0    0   3891347  
646       -2048 -9   4    0   3891347  
647       -2048 0    0    0   3891347  
648       -2048 0    0    0   3887252  
649       -2048 0    0    9   3874967  
650       -2048 0    0    0   3850397  
651       -2048 0    0    0   3809447  
652       -2048 0    0    0   3743927  
653       -2048 0    0    0   3649742  
654       -2048 -2   -9   0   3518702  
655       -2048 0    0    0   3342617  
656       -2048 0    0    0   3121487  
657       -2048 0    0    9   2847122  
658       -2048 0    0    0   2523617  
659       -2048 0    0    0   2146877  
660       -2048 0    0    0   1725092  
661       -2048 0    0    0   1262357  
662       -2048 9    1    0   770957   
663       -2048 0    0    0   259082   
664       -2048 0    0    0   -260983  
665       -2048 0    0    9   -772858  
666       -2048 0    0    0   -1264258 
667       -2048 0    0    0   -1726993 
668       -2048 0    0    0   -2148778 
669       -2048 0    0    0   -2525518 
670       -2048 -3   9    0   -2849023 
671       -2048 0    0    0   -3123388 
672       -2048 0    0    0   -3344518 
673       -2048 0    0    9   -3520603 
674       -2048 0    0    0   -3651643 
675       -2048 0    0    0   -3745828 
676       -2048 0    0    0   -3811348 
677       -2048 0    0    0   -3852298 
678       -2048 -8   -4   0   -3876868 
679       -2048 0    0    0   -3889153 
680       -2048 0    0    0   -3893248 
681       -2048 0    0    8   -3893248 
682       -2048 0    0    0   -3893248 
683       -2048 0    0    0   -3893248 
684       -2048 0    0    0   -3893248 
685       -2048 0    0    0   -3893248 
686       -2048 7    -7   0   -3893248 
687       -2048 0    0    0   -3893248 
688       -2048 0    0    0   -3893248 
689       -2048 0    0    9   -3893248 
690       -2048 0    0    0   -3893248 
691       -2048 0    0    0   -3893248 
692       -2048 0    0    0   -3893248 
693       -2048 0    0    0   -3893248 
694       -2048 5    7    0   -3893248 
695       -2048 0    0    0   -3893248 
696       -2048 0    0    0   -3893248 
697       -2048 0    0    8   -3893248 
698       -2048 0    0    0   -3893248 
699       -2048 0    0    0   -3893248 
700       -2048 0    0    0   -3893248 
701       -2048 0    0    0   -3893248 
702       -2048 -8   3    0   -3893248 
703       -2048 0    0    0   -3893248 
704       -2048 0    0    0   -3893248 
705       -2048 0    0    8   -3893248 
706       -2048 0    0    0   -3893248 
707       -2048 0    0    0   -3893248 
708       -2048 0    0    0   -3893248 
709       -2048 0    0    0   -3893248 
710       -2048 -1   -9   0   -3893248 
711       -2048 0    0    0   -3893248 
712       -2048 0    0    0   -3893248 
713       -2048 0    0    9   -3893248 
714       -2048 0    0    0   -3893248 
715       -2048 0    0    0   -3893248 
716       -2048 0    0    0   -3893248 
717       -2048 0    0    0   -3893248 
718       -2048 9    1    0   -3893248 
719       -2048 0    0    0   -3893248 
720       -2048 0    0    0   -3893248 
721       -2048 0    0    9   -3893248 
722       -2048 0    0    0   -3893248 
723       -2048 0    0    0   -3893248 
724       -2048 0    0    0   -3893248 
725       -2048 0    0    0   -3893248 
726       -2048 -2   9    0   -3893248 
727       -2048 0    0    0   -3893248 
728       -2048 0    0    0   -3893248 
729       -2048 0    0    9   -3893248 
730       -2048 0    0    0   -3893248 
731       -2048 0    0    0   -3893248 
732       -2048 0    0    0   -3893248 
733       -2048 0    0    0   -3893248 
734       -2048 -8   -4   0   -3893248 
735       -2048 0    0    0   -3893248 
736       -2048 0    0    0   -3893248 
737       -2048 0    0    8   -3893248 
738       -2048 0    0    0   -3893248 
739       -2048 0    0    0   -3893248 
740       -2048 0    0    0   -3893248 
741       -2048 0    0    0   -3893248 
742       -2048 6    -6   0   -3893248 
743       -2048 0    0    0   -3893248 
744       -2048 0    0    0   -3893248 
745       -2048 0    0    8   -3893248 
746       -2048 0    0    0   -3893248 
747       -2048 0    0    0   -3893248 
748       -2048 0    0    0   -3893248 
749       -2048 0    0    0   -3893248 
750       -2048 5    7    0   -3893248 
751       -2048 0    0    0   -3893248 
752       -2048 0    0    0   -3893248 
753       -2048 0    0    8   -3893248 
754       -2048 0    0    0   -3893248 
755       -2048 0    0    0   -3893248 
756       2047  0    0    0   -3893248 
757       2047  0    0    0   -3893248 
758       2047  -8   4    0   -3893248 
759       2047  0    0    0   -3893248 
760       2047  0    0    0   -3893248 
761       2047  0    0    8   -3893248 
762       2047  0    0    0   -3893248 
763       2047  0    0    0   -3893248 
764       2047  0    0    0   -3893248 
765       2047  0    0    0   -3893248 
766       2047  -2   -8   0   -3893248 
767       2047  0    0    0   -3893248 
768       2047  0    0    0   -3893248 
769       2047  0    0    8   -3893248 
770       2047  0    0    0   -3893248 
771       2047  0    0    0   -3893248 
772       2047  0    0    0   -3893248 
773       2047  0    0    0   -3893248 
774       2047  9    0    0   -3893248 
775       2047  0    0    0   -3893248 
776       2047  0    0    0   -3889153 
777       2047  0    0    9   -3876868 
778       2047  0    0    0   -3852298 
779       2047  0    0    0   -3811348 
780       2047  0    0    0   -3745828 
781       2047  0    0    0   -3651643 
782       2047  -2   8    0   -3520603 
783       2047  0    0    0   -3344518 
784       2047  0    0    0   -3123388 
785       2047  0    0    8   -2849023 
786       2047  0    0    0   -2525518 
787       2047  0    0    0   -2148778 
788       2047  0    0    0   -1726993 
789       2047  0    0    0   -1264258 
790       2047  -7   -4   0   -772858  
791       2047  0    0    0   -260983  
792       2047  0    0    0   259082   
793       2047  0    0    8   770957   
794       2047  0    0    0   1262357  
795       2047  0    0    0   1725092  
796       2047  0    0    0   2146877  
797       2047  0    0    0   2523617  
798       2047  5    -7   0   2847122  
799       2047  0    0    0   3121487  
800       2047  0    0    0   3342617  
801       2047  0    0    8   3518702  
802       2047  0    0    0   3649742  
803       2047  0    0    0   3743927  
804       2047  0    0    0   3809447  
805       2047  0    0    0   3850397  
806       2047  5    6    0   3874967  
807       2047  0    0    0   3887252  
808       2047  0    0    0   3891347  
809       2047  0    0    7   3891347  
810       2047  0    0    0   3891347  
811       2047  0    0    0   3891347  
812       2047  0    0    0   3891347  
813       2047  0    0    0   3891347  
814       2047  -7   4    0   3891347  
815       2047  0    0    0   3891347  
816       2047  0    0    0   3891347  
817       2047  0    0    8   3891347  
818       2047  0    0    0   3891347  
819       2047  0    0    0   3891347  
820       2047  0    0    0   3891347  
821       2047  0    0    0   3891347  
822       2047  -2   -8   0   3891347  
823       2047  0    0    0   3891347  
824       2047  0    0    0   3891347  
825       2047  0    0    8   3891347  
826       2047  0    0    0   3891347  
827       2047  0    0    0   3891347  
828       2047  0    0    0   3891347  
829       2047  0    0    0   3891347  
830       2047  8    0    0   3891347  
831       2047  0    0    0   3891347  
832       2047  0    0    0   3891347  
833       2047  0    0    8   3891347  
834       2047  0    0    0   3891347  
835       2047  0    0    0   3891347  
836       2047  0    0    0   3891347  
837       2047  0    0    0   3891347  
838       2047  -2   8    0   3891347  
839       2047  0    0    0   3891347  
840       2047  0    0    0   3891347  
841       2047  0    0    8   3891347  
842       2047  0    0    0   3891347  
843       2047  0    0    0   3891347  
844       2047  0    0    0   3891347  
845       2047  0    0    0   3891347  
846       2047  -8   -3   0   3891347  
847       2047  0    0    0   3891347  
848       2047  0    0    0   3891347  
849       2047  0    0    8   3891347  
850       2047  0    0    0   3891347  
851       2047  0    0    0   3891347  
852       2047  0    0    0   3891347  
853       2047  0    0    0   3891347  
854       2047  5    -6   0   3891347  
855       2047  0    0    0   3891347  
856       2047  0    0    0   3891347  
857       2047  0    0    7   3891347  
858       2047  0    0    0   3891347  
859       2047  0    0    0   3891347  
860       2047  0    0    0   3891347  
861       2047  0    0    0   3891347  
862       2047  6    6    0   3891347  
863       2047  0    0    0   3891347  
864       2047  0    0    0   3891347  
865       2047  0    0    8   3891347  
866       2047  0    0    0   3891347  
867       2047  0    0    0   3891347  
868       2047  0    0    0   3891347  
869       2047  0    0    0   3891347  
870       2047  -7   4    0   3891347  
871       2047  0    0    0   3891347  
872       2047  0    0    0   3891347  
873       2047  0    0    8   3891347  
874       2047  0    0    0   3891347  
875       2047  0    0    0   3891347  
876       2047  0    0    0   3891347  
877       2047  0    0    0   3891347  
878       2047  -2   -8   0   3891347  
879       2047  0    0    0   3891347  
880       2047  0    0    0   3891347  
881       2047  0    0    8   3891347  
882       2047  0    0    0   3891347  
883       2047  0    0    0   3891347  
884       -2048 0    0    0   3891347  
885       -2048 0    0    0   3891347  
886       -2048 8    0    0   3891347  
887       -2048 0    0    0   3891347  
888       -2048 0    0    0   3891347  
889       -2048 0    0    8   3891347  
890       -2048 0    0    0   3891347  
891       -2048 0    0    0   3891347  
892       -2048 0    0    0   3891347  
893       -2048 0    0    0   3891347  
894       -2048 -2   8    0   3891347  
895       -2048 0    0    0   3891347  
